/*--------------------------------*- C++ -*----------------------------------*\
| =========                 |                                                 |
| \\      /  F ield         | OpenFOAM: The Open Source CFD Toolbox           |
|  \\    /   O peration     | Version:  2.2.0                                 |
|   \\  /    A nd           | Web:      www.OpenFOAM.org                      |
|    \\/     M anipulation  |                                                 |
\*---------------------------------------------------------------------------*/
FoamFile
{
    version     2.0;
    format      ascii;
    class       labelList;
    note        "nPoints: 2387 nCells: 3660 nFaces: 9722 nInternalFaces: 8578";
    location    "constant/polyMesh";
    object      neighbour;
}
// * * * * * * * * * * * * * * * * * * * * * * * * * * * * * * * * * * * * * //


8578
(
1
690
1140
2
691
1141
3
692
1142
4
693
1143
5
694
1144
6
695
1145
7
696
1146
8
697
1147
9
698
1148
10
699
1149
11
700
1150
12
701
1151
13
702
1152
14
703
1153
15
704
1154
16
705
1155
17
706
1156
18
707
1157
19
708
1158
20
709
1159
21
710
1160
22
711
1161
23
712
1162
24
713
1163
25
714
1164
26
715
1165
27
716
1166
28
717
1167
29
718
1168
719
1169
31
1110
1170
32
1111
1171
33
1112
1172
34
1113
1173
35
1114
1174
36
1115
1175
37
1116
1176
38
1117
1177
39
1118
1178
40
1119
1179
41
1120
1180
42
1121
1181
43
1122
1182
44
1123
1183
45
1124
1184
46
1125
1185
47
1126
1186
48
1127
1187
49
1128
1188
50
1129
1189
51
1130
1190
52
1131
1191
53
1132
1192
54
1133
1193
55
1134
1194
56
1135
1195
57
1136
1196
58
1137
1197
59
1138
1198
1139
1199
61
1200
1410
62
1201
1411
63
1202
1412
64
1203
1413
65
1204
1414
66
1205
1415
67
1206
1416
68
1207
1417
69
1208
1418
70
1209
1419
71
1210
1420
72
1211
1421
73
1212
1422
74
1213
1423
75
1214
1424
76
1215
1425
77
1216
1426
78
1217
1427
79
1218
1428
80
1219
1429
81
1220
1430
82
1221
1431
83
1222
1432
84
1223
1433
85
1224
1434
86
1225
1435
87
1226
1436
88
1227
1437
89
1228
1438
1229
1439
91
1230
1440
92
1231
1441
93
1232
1442
94
1233
1443
95
1234
1444
96
1235
1445
97
1236
1446
98
1237
1447
99
1238
1448
100
1239
1449
101
1240
1450
102
1241
1451
103
1242
1452
104
1243
1453
105
1244
1454
106
1245
1455
107
1246
1456
108
1247
1457
109
1248
1458
110
1249
1459
111
1250
1460
112
1251
1461
113
1252
1462
114
1253
1463
115
1254
1464
116
1255
1465
117
1256
1466
118
1257
1467
119
1258
1468
1259
1469
121
180
1470
122
181
1471
123
182
1472
124
183
1473
125
184
1474
126
185
1475
127
186
1476
128
187
1477
129
188
1478
130
189
1479
131
190
1480
132
191
1481
133
192
1482
134
193
1483
135
194
1484
136
195
1485
137
196
1486
138
197
1487
139
198
1488
140
199
1489
141
200
1490
142
201
1491
143
202
1492
144
203
1493
145
204
1494
146
205
1495
147
206
1496
148
207
1497
149
208
1498
209
1499
151
180
210
152
181
211
153
182
212
154
183
213
155
184
214
156
185
215
157
186
216
158
187
217
159
188
218
160
189
219
161
190
220
162
191
221
163
192
222
164
193
223
165
194
224
166
195
225
167
196
226
168
197
227
169
198
228
170
199
229
171
200
230
172
201
231
173
202
232
174
203
233
175
204
234
176
205
235
177
206
236
178
207
237
179
208
238
209
239
181
1920
182
1921
183
1922
184
1923
185
1924
186
1925
187
1926
188
1927
189
1928
190
1929
191
1930
192
1931
193
1932
194
1933
195
1934
196
1935
197
1936
198
1937
199
1938
200
1939
201
1940
202
1941
203
1942
204
1943
205
1944
206
1945
207
1946
208
1947
209
1948
1949
211
840
212
841
213
842
214
843
215
844
216
845
217
846
218
847
219
848
220
849
221
850
222
851
223
852
224
853
225
854
226
855
227
856
228
857
229
858
230
859
231
860
232
861
233
862
234
863
235
864
236
865
237
866
238
867
239
868
869
241
840
1260
242
841
1261
243
842
1262
244
843
1263
245
844
1264
246
845
1265
247
846
1266
248
847
1267
249
848
1268
250
849
1269
251
850
1270
252
851
1271
253
852
1272
254
853
1273
255
854
1274
256
855
1275
257
856
1276
258
857
1277
259
858
1278
260
859
1279
261
860
1280
262
861
1281
263
862
1282
264
863
1283
265
864
1284
266
865
1285
267
866
1286
268
867
1287
269
868
1288
869
1289
271
1590
1620
272
1591
1621
273
1592
1622
274
1593
1623
275
1594
1624
276
1595
1625
277
1596
1626
278
1597
1627
279
1598
1628
280
1599
1629
281
1600
1630
282
1601
1631
283
1602
1632
284
1603
1633
285
1604
1634
286
1605
1635
287
1606
1636
288
1607
1637
289
1608
1638
290
1609
1639
291
1610
1640
292
1611
1641
293
1612
1642
294
1613
1643
295
1614
1644
296
1615
1645
297
1616
1646
298
1617
1647
299
1618
1648
1619
1649
301
1290
1500
302
1291
1501
303
1292
1502
304
1293
1503
305
1294
1504
306
1295
1505
307
1296
1506
308
1297
1507
309
1298
1508
310
1299
1509
311
1300
1510
312
1301
1511
313
1302
1512
314
1303
1513
315
1304
1514
316
1305
1515
317
1306
1516
318
1307
1517
319
1308
1518
320
1309
1519
321
1310
1520
322
1311
1521
323
1312
1522
324
1313
1523
325
1314
1524
326
1315
1525
327
1316
1526
328
1317
1527
329
1318
1528
1319
1529
331
1320
1530
332
1321
1531
333
1322
1532
334
1323
1533
335
1324
1534
336
1325
1535
337
1326
1536
338
1327
1537
339
1328
1538
340
1329
1539
341
1330
1540
342
1331
1541
343
1332
1542
344
1333
1543
345
1334
1544
346
1335
1545
347
1336
1546
348
1337
1547
349
1338
1548
350
1339
1549
351
1340
1550
352
1341
1551
353
1342
1552
354
1343
1553
355
1344
1554
356
1345
1555
357
1346
1556
358
1347
1557
359
1348
1558
1349
1559
361
420
1560
362
421
1561
363
422
1562
364
423
1563
365
424
1564
366
425
1565
367
426
1566
368
427
1567
369
428
1568
370
429
1569
371
430
1570
372
431
1571
373
432
1572
374
433
1573
375
434
1574
376
435
1575
377
436
1576
378
437
1577
379
438
1578
380
439
1579
381
440
1580
382
441
1581
383
442
1582
384
443
1583
385
444
1584
386
445
1585
387
446
1586
388
447
1587
389
448
1588
449
1589
391
420
450
392
421
451
393
422
452
394
423
453
395
424
454
396
425
455
397
426
456
398
427
457
399
428
458
400
429
459
401
430
460
402
431
461
403
432
462
404
433
463
405
434
464
406
435
465
407
436
466
408
437
467
409
438
468
410
439
469
411
440
470
412
441
471
413
442
472
414
443
473
415
444
474
416
445
475
417
446
476
418
447
477
419
448
478
449
479
421
2160
422
2161
423
2162
424
2163
425
2164
426
2165
427
2166
428
2167
429
2168
430
2169
431
2170
432
2171
433
2172
434
2173
435
2174
436
2175
437
2176
438
2177
439
2178
440
2179
441
2180
442
2181
443
2182
444
2183
445
2184
446
2185
447
2186
448
2187
449
2188
2189
451
990
452
991
453
992
454
993
455
994
456
995
457
996
458
997
459
998
460
999
461
1000
462
1001
463
1002
464
1003
465
1004
466
1005
467
1006
468
1007
469
1008
470
1009
471
1010
472
1011
473
1012
474
1013
475
1014
476
1015
477
1016
478
1017
479
1018
1019
481
990
1350
482
991
1351
483
992
1352
484
993
1353
485
994
1354
486
995
1355
487
996
1356
488
997
1357
489
998
1358
490
999
1359
491
1000
1360
492
1001
1361
493
1002
1362
494
1003
1363
495
1004
1364
496
1005
1365
497
1006
1366
498
1007
1367
499
1008
1368
500
1009
1369
501
1010
1370
502
1011
1371
503
1012
1372
504
1013
1373
505
1014
1374
506
1015
1375
507
1016
1376
508
1017
1377
509
1018
1378
1019
1379
511
570
1650
512
571
1651
513
572
1652
514
573
1653
515
574
1654
516
575
1655
517
576
1656
518
577
1657
519
578
1658
520
579
1659
521
580
1660
522
581
1661
523
582
1662
524
583
1663
525
584
1664
526
585
1665
527
586
1666
528
587
1667
529
588
1668
530
589
1669
531
590
1670
532
591
1671
533
592
1672
534
593
1673
535
594
1674
536
595
1675
537
596
1676
538
597
1677
539
598
1678
599
1679
541
570
600
542
571
601
543
572
602
544
573
603
545
574
604
546
575
605
547
576
606
548
577
607
549
578
608
550
579
609
551
580
610
552
581
611
553
582
612
554
583
613
555
584
614
556
585
615
557
586
616
558
587
617
559
588
618
560
589
619
561
590
620
562
591
621
563
592
622
564
593
623
565
594
624
566
595
625
567
596
626
568
597
627
569
598
628
599
629
571
2220
572
2221
573
2222
574
2223
575
2224
576
2225
577
2226
578
2227
579
2228
580
2229
581
2230
582
2231
583
2232
584
2233
585
2234
586
2235
587
2236
588
2237
589
2238
590
2239
591
2240
592
2241
593
2242
594
2243
595
2244
596
2245
597
2246
598
2247
599
2248
2249
601
1050
602
1051
603
1052
604
1053
605
1054
606
1055
607
1056
608
1057
609
1058
610
1059
611
1060
612
1061
613
1062
614
1063
615
1064
616
1065
617
1066
618
1067
619
1068
620
1069
621
1070
622
1071
623
1072
624
1073
625
1074
626
1075
627
1076
628
1077
629
1078
1079
631
1050
1380
632
1051
1381
633
1052
1382
634
1053
1383
635
1054
1384
636
1055
1385
637
1056
1386
638
1057
1387
639
1058
1388
640
1059
1389
641
1060
1390
642
1061
1391
643
1062
1392
644
1063
1393
645
1064
1394
646
1065
1395
647
1066
1396
648
1067
1397
649
1068
1398
650
1069
1399
651
1070
1400
652
1071
1401
653
1072
1402
654
1073
1403
655
1074
1404
656
1075
1405
657
1076
1406
658
1077
1407
659
1078
1408
1079
1409
661
690
1080
662
691
1081
663
692
1082
664
693
1083
665
694
1084
666
695
1085
667
696
1086
668
697
1087
669
698
1088
670
699
1089
671
700
1090
672
701
1091
673
702
1092
674
703
1093
675
704
1094
676
705
1095
677
706
1096
678
707
1097
679
708
1098
680
709
1099
681
710
1100
682
711
1101
683
712
1102
684
713
1103
685
714
1104
686
715
1105
687
716
1106
688
717
1107
689
718
1108
719
1109
691
2310
692
2311
693
2312
694
2313
695
2314
696
2315
697
2316
698
2317
699
2318
700
2319
701
2320
702
2321
703
2322
704
2323
705
2324
706
2325
707
2326
708
2327
709
2328
710
2329
711
2330
712
2331
713
2332
714
2333
715
2334
716
2335
717
2336
718
2337
719
2338
2339
721
1110
1140
722
1111
1141
723
1112
1142
724
1113
1143
725
1114
1144
726
1115
1145
727
1116
1146
728
1117
1147
729
1118
1148
730
1119
1149
731
1120
1150
732
1121
1151
733
1122
1152
734
1123
1153
735
1124
1154
736
1125
1155
737
1126
1156
738
1127
1157
739
1128
1158
740
1129
1159
741
1130
1160
742
1131
1161
743
1132
1162
744
1133
1163
745
1134
1164
746
1135
1165
747
1136
1166
748
1137
1167
749
1138
1168
1139
1169
751
1170
1410
752
1171
1411
753
1172
1412
754
1173
1413
755
1174
1414
756
1175
1415
757
1176
1416
758
1177
1417
759
1178
1418
760
1179
1419
761
1180
1420
762
1181
1421
763
1182
1422
764
1183
1423
765
1184
1424
766
1185
1425
767
1186
1426
768
1187
1427
769
1188
1428
770
1189
1429
771
1190
1430
772
1191
1431
773
1192
1432
774
1193
1433
775
1194
1434
776
1195
1435
777
1196
1436
778
1197
1437
779
1198
1438
1199
1439
781
1200
1440
782
1201
1441
783
1202
1442
784
1203
1443
785
1204
1444
786
1205
1445
787
1206
1446
788
1207
1447
789
1208
1448
790
1209
1449
791
1210
1450
792
1211
1451
793
1212
1452
794
1213
1453
795
1214
1454
796
1215
1455
797
1216
1456
798
1217
1457
799
1218
1458
800
1219
1459
801
1220
1460
802
1221
1461
803
1222
1462
804
1223
1463
805
1224
1464
806
1225
1465
807
1226
1466
808
1227
1467
809
1228
1468
1229
1469
811
1230
1470
812
1231
1471
813
1232
1472
814
1233
1473
815
1234
1474
816
1235
1475
817
1236
1476
818
1237
1477
819
1238
1478
820
1239
1479
821
1240
1480
822
1241
1481
823
1242
1482
824
1243
1483
825
1244
1484
826
1245
1485
827
1246
1486
828
1247
1487
829
1248
1488
830
1249
1489
831
1250
1490
832
1251
1491
833
1252
1492
834
1253
1493
835
1254
1494
836
1255
1495
837
1256
1496
838
1257
1497
839
1258
1498
1259
1499
841
1890
842
1891
843
1892
844
1893
845
1894
846
1895
847
1896
848
1897
849
1898
850
1899
851
1900
852
1901
853
1902
854
1903
855
1904
856
1905
857
1906
858
1907
859
1908
860
1909
861
1910
862
1911
863
1912
864
1913
865
1914
866
1915
867
1916
868
1917
869
1918
1919
871
1260
1590
872
1261
1591
873
1262
1592
874
1263
1593
875
1264
1594
876
1265
1595
877
1266
1596
878
1267
1597
879
1268
1598
880
1269
1599
881
1270
1600
882
1271
1601
883
1272
1602
884
1273
1603
885
1274
1604
886
1275
1605
887
1276
1606
888
1277
1607
889
1278
1608
890
1279
1609
891
1280
1610
892
1281
1611
893
1282
1612
894
1283
1613
895
1284
1614
896
1285
1615
897
1286
1616
898
1287
1617
899
1288
1618
1289
1619
901
1500
1620
902
1501
1621
903
1502
1622
904
1503
1623
905
1504
1624
906
1505
1625
907
1506
1626
908
1507
1627
909
1508
1628
910
1509
1629
911
1510
1630
912
1511
1631
913
1512
1632
914
1513
1633
915
1514
1634
916
1515
1635
917
1516
1636
918
1517
1637
919
1518
1638
920
1519
1639
921
1520
1640
922
1521
1641
923
1522
1642
924
1523
1643
925
1524
1644
926
1525
1645
927
1526
1646
928
1527
1647
929
1528
1648
1529
1649
931
1290
1530
932
1291
1531
933
1292
1532
934
1293
1533
935
1294
1534
936
1295
1535
937
1296
1536
938
1297
1537
939
1298
1538
940
1299
1539
941
1300
1540
942
1301
1541
943
1302
1542
944
1303
1543
945
1304
1544
946
1305
1545
947
1306
1546
948
1307
1547
949
1308
1548
950
1309
1549
951
1310
1550
952
1311
1551
953
1312
1552
954
1313
1553
955
1314
1554
956
1315
1555
957
1316
1556
958
1317
1557
959
1318
1558
1319
1559
961
1320
1560
962
1321
1561
963
1322
1562
964
1323
1563
965
1324
1564
966
1325
1565
967
1326
1566
968
1327
1567
969
1328
1568
970
1329
1569
971
1330
1570
972
1331
1571
973
1332
1572
974
1333
1573
975
1334
1574
976
1335
1575
977
1336
1576
978
1337
1577
979
1338
1578
980
1339
1579
981
1340
1580
982
1341
1581
983
1342
1582
984
1343
1583
985
1344
1584
986
1345
1585
987
1346
1586
988
1347
1587
989
1348
1588
1349
1589
991
3150
992
3151
993
3152
994
3153
995
3154
996
3155
997
3156
998
3157
999
3158
1000
3159
1001
3160
1002
3161
1003
3162
1004
3163
1005
3164
1006
3165
1007
3166
1008
3167
1009
3168
1010
3169
1011
3170
1012
3171
1013
3172
1014
3173
1015
3174
1016
3175
1017
3176
1018
3177
1019
3178
3179
1021
1350
1650
1022
1351
1651
1023
1352
1652
1024
1353
1653
1025
1354
1654
1026
1355
1655
1027
1356
1656
1028
1357
1657
1029
1358
1658
1030
1359
1659
1031
1360
1660
1032
1361
1661
1033
1362
1662
1034
1363
1663
1035
1364
1664
1036
1365
1665
1037
1366
1666
1038
1367
1667
1039
1368
1668
1040
1369
1669
1041
1370
1670
1042
1371
1671
1043
1372
1672
1044
1373
1673
1045
1374
1674
1046
1375
1675
1047
1376
1676
1048
1377
1677
1049
1378
1678
1379
1679
1051
2280
1052
2281
1053
2282
1054
2283
1055
2284
1056
2285
1057
2286
1058
2287
1059
2288
1060
2289
1061
2290
1062
2291
1063
2292
1064
2293
1065
2294
1066
2295
1067
2296
1068
2297
1069
2298
1070
2299
1071
2300
1072
2301
1073
2302
1074
2303
1075
2304
1076
2305
1077
2306
1078
2307
1079
2308
2309
1081
1380
1082
1381
1083
1382
1084
1383
1085
1384
1086
1385
1087
1386
1088
1387
1089
1388
1090
1389
1091
1390
1092
1391
1093
1392
1094
1393
1095
1394
1096
1395
1097
1396
1098
1397
1099
1398
1100
1399
1101
1400
1102
1401
1103
1402
1104
1403
1105
1404
1106
1405
1107
1406
1108
1407
1109
1408
1409
1111
2370
1112
2371
1113
2372
1114
2373
1115
2374
1116
2375
1117
2376
1118
2377
1119
2378
1120
2379
1121
2380
1122
2381
1123
2382
1124
2383
1125
2384
1126
2385
1127
2386
1128
2387
1129
2388
1130
2389
1131
2390
1132
2391
1133
2392
1134
2393
1135
2394
1136
2395
1137
2396
1138
2397
1139
2398
2399
1141
1680
1142
1681
1143
1682
1144
1683
1145
1684
1146
1685
1147
1686
1148
1687
1149
1688
1150
1689
1151
1690
1152
1691
1153
1692
1154
1693
1155
1694
1156
1695
1157
1696
1158
1697
1159
1698
1160
1699
1161
1700
1162
1701
1163
1702
1164
1703
1165
1704
1166
1705
1167
1706
1168
1707
1169
1708
1709
1171
2430
1172
2431
1173
2432
1174
2433
1175
2434
1176
2435
1177
2436
1178
2437
1179
2438
1180
2439
1181
2440
1182
2441
1183
2442
1184
2443
1185
2444
1186
2445
1187
2446
1188
2447
1189
2448
1190
2449
1191
2450
1192
2451
1193
2452
1194
2453
1195
2454
1196
2455
1197
2456
1198
2457
1199
2458
2459
1201
1710
1202
1711
1203
1712
1204
1713
1205
1714
1206
1715
1207
1716
1208
1717
1209
1718
1210
1719
1211
1720
1212
1721
1213
1722
1214
1723
1215
1724
1216
1725
1217
1726
1218
1727
1219
1728
1220
1729
1221
1730
1222
1731
1223
1732
1224
1733
1225
1734
1226
1735
1227
1736
1228
1737
1229
1738
1739
1231
1800
1232
1801
1233
1802
1234
1803
1235
1804
1236
1805
1237
1806
1238
1807
1239
1808
1240
1809
1241
1810
1242
1811
1243
1812
1244
1813
1245
1814
1246
1815
1247
1816
1248
1817
1249
1818
1250
1819
1251
1820
1252
1821
1253
1822
1254
1823
1255
1824
1256
1825
1257
1826
1258
1827
1259
1828
1829
1261
1830
1262
1831
1263
1832
1264
1833
1265
1834
1266
1835
1267
1836
1268
1837
1269
1838
1270
1839
1271
1840
1272
1841
1273
1842
1274
1843
1275
1844
1276
1845
1277
1846
1278
1847
1279
1848
1280
1849
1281
1850
1282
1851
1283
1852
1284
1853
1285
1854
1286
1855
1287
1856
1288
1857
1289
1858
1859
1291
2460
1292
2461
1293
2462
1294
2463
1295
2464
1296
2465
1297
2466
1298
2467
1299
2468
1300
2469
1301
2470
1302
2471
1303
2472
1304
2473
1305
2474
1306
2475
1307
2476
1308
2477
1309
2478
1310
2479
1311
2480
1312
2481
1313
2482
1314
2483
1315
2484
1316
2485
1317
2486
1318
2487
1319
2488
2489
1321
2100
1322
2101
1323
2102
1324
2103
1325
2104
1326
2105
1327
2106
1328
2107
1329
2108
1330
2109
1331
2110
1332
2111
1333
2112
1334
2113
1335
2114
1336
2115
1337
2116
1338
2117
1339
2118
1340
2119
1341
2120
1342
2121
1343
2122
1344
2123
1345
2124
1346
2125
1347
2126
1348
2127
1349
2128
2129
1351
3540
1352
3541
1353
3542
1354
3543
1355
3544
1356
3545
1357
3546
1358
3547
1359
3548
1360
3549
1361
3550
1362
3551
1363
3552
1364
3553
1365
3554
1366
3555
1367
3556
1368
3557
1369
3558
1370
3559
1371
3560
1372
3561
1373
3562
1374
3563
1375
3564
1376
3565
1377
3566
1378
3567
1379
3568
3569
1381
2490
1382
2491
1383
2492
1384
2493
1385
2494
1386
2495
1387
2496
1388
2497
1389
2498
1390
2499
1391
2500
1392
2501
1393
2502
1394
2503
1395
2504
1396
2505
1397
2506
1398
2507
1399
2508
1400
2509
1401
2510
1402
2511
1403
2512
1404
2513
1405
2514
1406
2515
1407
2516
1408
2517
1409
2518
2519
1411
2190
1412
2191
1413
2192
1414
2193
1415
2194
1416
2195
1417
2196
1418
2197
1419
2198
1420
2199
1421
2200
1422
2201
1423
2202
1424
2203
1425
2204
1426
2205
1427
2206
1428
2207
1429
2208
1430
2209
1431
2210
1432
2211
1433
2212
1434
2213
1435
2214
1436
2215
1437
2216
1438
2217
1439
2218
2219
1441
1740
1442
1741
1443
1742
1444
1743
1445
1744
1446
1745
1447
1746
1448
1747
1449
1748
1450
1749
1451
1750
1452
1751
1453
1752
1454
1753
1455
1754
1456
1755
1457
1756
1458
1757
1459
1758
1460
1759
1461
1760
1462
1761
1463
1762
1464
1763
1465
1764
1466
1765
1467
1766
1468
1767
1469
1768
1769
1471
2580
1472
2581
1473
2582
1474
2583
1475
2584
1476
2585
1477
2586
1478
2587
1479
2588
1480
2589
1481
2590
1482
2591
1483
2592
1484
2593
1485
2594
1486
2595
1487
2596
1488
2597
1489
2598
1490
2599
1491
2600
1492
2601
1493
2602
1494
2603
1495
2604
1496
2605
1497
2606
1498
2607
1499
2608
2609
1501
1860
1502
1861
1503
1862
1504
1863
1505
1864
1506
1865
1507
1866
1508
1867
1509
1868
1510
1869
1511
1870
1512
1871
1513
1872
1514
1873
1515
1874
1516
1875
1517
1876
1518
1877
1519
1878
1520
1879
1521
1880
1522
1881
1523
1882
1524
1883
1525
1884
1526
1885
1527
1886
1528
1887
1529
1888
1889
1531
2610
1532
2611
1533
2612
1534
2613
1535
2614
1536
2615
1537
2616
1538
2617
1539
2618
1540
2619
1541
2620
1542
2621
1543
2622
1544
2623
1545
2624
1546
2625
1547
2626
1548
2627
1549
2628
1550
2629
1551
2630
1552
2631
1553
2632
1554
2633
1555
2634
1556
2635
1557
2636
1558
2637
1559
2638
2639
1561
2130
1562
2131
1563
2132
1564
2133
1565
2134
1566
2135
1567
2136
1568
2137
1569
2138
1570
2139
1571
2140
1572
2141
1573
2142
1574
2143
1575
2144
1576
2145
1577
2146
1578
2147
1579
2148
1580
2149
1581
2150
1582
2151
1583
2152
1584
2153
1585
2154
1586
2155
1587
2156
1588
2157
1589
2158
2159
1591
2040
1592
2041
1593
2042
1594
2043
1595
2044
1596
2045
1597
2046
1598
2047
1599
2048
1600
2049
1601
2050
1602
2051
1603
2052
1604
2053
1605
2054
1606
2055
1607
2056
1608
2057
1609
2058
1610
2059
1611
2060
1612
2061
1613
2062
1614
2063
1615
2064
1616
2065
1617
2066
1618
2067
1619
2068
2069
1621
2010
1622
2011
1623
2012
1624
2013
1625
2014
1626
2015
1627
2016
1628
2017
1629
2018
1630
2019
1631
2020
1632
2021
1633
2022
1634
2023
1635
2024
1636
2025
1637
2026
1638
2027
1639
2028
1640
2029
1641
2030
1642
2031
1643
2032
1644
2033
1645
2034
1646
2035
1647
2036
1648
2037
1649
2038
2039
1651
1980
1652
1981
1653
1982
1654
1983
1655
1984
1656
1985
1657
1986
1658
1987
1659
1988
1660
1989
1661
1990
1662
1991
1663
1992
1664
1993
1665
1994
1666
1995
1667
1996
1668
1997
1669
1998
1670
1999
1671
2000
1672
2001
1673
2002
1674
2003
1675
2004
1676
2005
1677
2006
1678
2007
1679
2008
2009
1681
2340
2400
1682
2341
2401
1683
2342
2402
1684
2343
2403
1685
2344
2404
1686
2345
2405
1687
2346
2406
1688
2347
2407
1689
2348
2408
1690
2349
2409
1691
2350
2410
1692
2351
2411
1693
2352
2412
1694
2353
2413
1695
2354
2414
1696
2355
2415
1697
2356
2416
1698
2357
2417
1699
2358
2418
1700
2359
2419
1701
2360
2420
1702
2361
2421
1703
2362
2422
1704
2363
2423
1705
2364
2424
1706
2365
2425
1707
2366
2426
1708
2367
2427
1709
2368
2428
2369
2429
1711
1770
2190
1712
1771
2191
1713
1772
2192
1714
1773
2193
1715
1774
2194
1716
1775
2195
1717
1776
2196
1718
1777
2197
1719
1778
2198
1720
1779
2199
1721
1780
2200
1722
1781
2201
1723
1782
2202
1724
1783
2203
1725
1784
2204
1726
1785
2205
1727
1786
2206
1728
1787
2207
1729
1788
2208
1730
1789
2209
1731
1790
2210
1732
1791
2211
1733
1792
2212
1734
1793
2213
1735
1794
2214
1736
1795
2215
1737
1796
2216
1738
1797
2217
1739
1798
2218
1799
2219
1741
1770
1800
1742
1771
1801
1743
1772
1802
1744
1773
1803
1745
1774
1804
1746
1775
1805
1747
1776
1806
1748
1777
1807
1749
1778
1808
1750
1779
1809
1751
1780
1810
1752
1781
1811
1753
1782
1812
1754
1783
1813
1755
1784
1814
1756
1785
1815
1757
1786
1816
1758
1787
1817
1759
1788
1818
1760
1789
1819
1761
1790
1820
1762
1791
1821
1763
1792
1822
1764
1793
1823
1765
1794
1824
1766
1795
1825
1767
1796
1826
1768
1797
1827
1769
1798
1828
1799
1829
1771
2880
1772
2881
1773
2882
1774
2883
1775
2884
1776
2885
1777
2886
1778
2887
1779
2888
1780
2889
1781
2890
1782
2891
1783
2892
1784
2893
1785
2894
1786
2895
1787
2896
1788
2897
1789
2898
1790
2899
1791
2900
1792
2901
1793
2902
1794
2903
1795
2904
1796
2905
1797
2906
1798
2907
1799
2908
2909
1801
2700
1802
2701
1803
2702
1804
2703
1805
2704
1806
2705
1807
2706
1808
2707
1809
2708
1810
2709
1811
2710
1812
2711
1813
2712
1814
2713
1815
2714
1816
2715
1817
2716
1818
2717
1819
2718
1820
2719
1821
2720
1822
2721
1823
2722
1824
2723
1825
2724
1826
2725
1827
2726
1828
2727
1829
2728
2729
1831
1950
2670
1832
1951
2671
1833
1952
2672
1834
1953
2673
1835
1954
2674
1836
1955
2675
1837
1956
2676
1838
1957
2677
1839
1958
2678
1840
1959
2679
1841
1960
2680
1842
1961
2681
1843
1962
2682
1844
1963
2683
1845
1964
2684
1846
1965
2685
1847
1966
2686
1848
1967
2687
1849
1968
2688
1850
1969
2689
1851
1970
2690
1852
1971
2691
1853
1972
2692
1854
1973
2693
1855
1974
2694
1856
1975
2695
1857
1976
2696
1858
1977
2697
1859
1978
2698
1979
2699
1861
2070
2460
1862
2071
2461
1863
2072
2462
1864
2073
2463
1865
2074
2464
1866
2075
2465
1867
2076
2466
1868
2077
2467
1869
2078
2468
1870
2079
2469
1871
2080
2470
1872
2081
2471
1873
2082
2472
1874
2083
2473
1875
2084
2474
1876
2085
2475
1877
2086
2476
1878
2087
2477
1879
2088
2478
1880
2089
2479
1881
2090
2480
1882
2091
2481
1883
2092
2482
1884
2093
2483
1885
2094
2484
1886
2095
2485
1887
2096
2486
1888
2097
2487
1889
2098
2488
2099
2489
1891
1920
1950
1892
1921
1951
1893
1922
1952
1894
1923
1953
1895
1924
1954
1896
1925
1955
1897
1926
1956
1898
1927
1957
1899
1928
1958
1900
1929
1959
1901
1930
1960
1902
1931
1961
1903
1932
1962
1904
1933
1963
1905
1934
1964
1906
1935
1965
1907
1936
1966
1908
1937
1967
1909
1938
1968
1910
1939
1969
1911
1940
1970
1912
1941
1971
1913
1942
1972
1914
1943
1973
1915
1944
1974
1916
1945
1975
1917
1946
1976
1918
1947
1977
1919
1948
1978
1949
1979
1921
2640
1922
2641
1923
2642
1924
2643
1925
2644
1926
2645
1927
2646
1928
2647
1929
2648
1930
2649
1931
2650
1932
2651
1933
2652
1934
2653
1935
2654
1936
2655
1937
2656
1938
2657
1939
2658
1940
2659
1941
2660
1942
2661
1943
2662
1944
2663
1945
2664
1946
2665
1947
2666
1948
2667
1949
2668
2669
1951
3270
1952
3271
1953
3272
1954
3273
1955
3274
1956
3275
1957
3276
1958
3277
1959
3278
1960
3279
1961
3280
1962
3281
1963
3282
1964
3283
1965
3284
1966
3285
1967
3286
1968
3287
1969
3288
1970
3289
1971
3290
1972
3291
1973
3292
1974
3293
1975
3294
1976
3295
1977
3296
1978
3297
1979
3298
3299
1981
2250
2550
1982
2251
2551
1983
2252
2552
1984
2253
2553
1985
2254
2554
1986
2255
2555
1987
2256
2556
1988
2257
2557
1989
2258
2558
1990
2259
2559
1991
2260
2560
1992
2261
2561
1993
2262
2562
1994
2263
2563
1995
2264
2564
1996
2265
2565
1997
2266
2566
1998
2267
2567
1999
2268
2568
2000
2269
2569
2001
2270
2570
2002
2271
2571
2003
2272
2572
2004
2273
2573
2005
2274
2574
2006
2275
2575
2007
2276
2576
2008
2277
2577
2009
2278
2578
2279
2579
2011
2040
2070
2012
2041
2071
2013
2042
2072
2014
2043
2073
2015
2044
2074
2016
2045
2075
2017
2046
2076
2018
2047
2077
2019
2048
2078
2020
2049
2079
2021
2050
2080
2022
2051
2081
2023
2052
2082
2024
2053
2083
2025
2054
2084
2026
2055
2085
2027
2056
2086
2028
2057
2087
2029
2058
2088
2030
2059
2089
2031
2060
2090
2032
2061
2091
2033
2062
2092
2034
2063
2093
2035
2064
2094
2036
2065
2095
2037
2066
2096
2038
2067
2097
2039
2068
2098
2069
2099
2041
2670
2042
2671
2043
2672
2044
2673
2045
2674
2046
2675
2047
2676
2048
2677
2049
2678
2050
2679
2051
2680
2052
2681
2053
2682
2054
2683
2055
2684
2056
2685
2057
2686
2058
2687
2059
2688
2060
2689
2061
2690
2062
2691
2063
2692
2064
2693
2065
2694
2066
2695
2067
2696
2068
2697
2069
2698
2699
2071
3240
2072
3241
2073
3242
2074
3243
2075
3244
2076
3245
2077
3246
2078
3247
2079
3248
2080
3249
2081
3250
2082
3251
2083
3252
2084
3253
2085
3254
2086
3255
2087
3256
2088
3257
2089
3258
2090
3259
2091
3260
2092
3261
2093
3262
2094
3263
2095
3264
2096
3265
2097
3266
2098
3267
2099
3268
3269
2101
2130
2610
2102
2131
2611
2103
2132
2612
2104
2133
2613
2105
2134
2614
2106
2135
2615
2107
2136
2616
2108
2137
2617
2109
2138
2618
2110
2139
2619
2111
2140
2620
2112
2141
2621
2113
2142
2622
2114
2143
2623
2115
2144
2624
2116
2145
2625
2117
2146
2626
2118
2147
2627
2119
2148
2628
2120
2149
2629
2121
2150
2630
2122
2151
2631
2123
2152
2632
2124
2153
2633
2125
2154
2634
2126
2155
2635
2127
2156
2636
2128
2157
2637
2129
2158
2638
2159
2639
2131
2730
2132
2731
2133
2732
2134
2733
2135
2734
2136
2735
2137
2736
2138
2737
2139
2738
2140
2739
2141
2740
2142
2741
2143
2742
2144
2743
2145
2744
2146
2745
2147
2746
2148
2747
2149
2748
2150
2749
2151
2750
2152
2751
2153
2752
2154
2753
2155
2754
2156
2755
2157
2756
2158
2757
2159
2758
2759
2161
2730
3150
2162
2731
3151
2163
2732
3152
2164
2733
3153
2165
2734
3154
2166
2735
3155
2167
2736
3156
2168
2737
3157
2169
2738
3158
2170
2739
3159
2171
2740
3160
2172
2741
3161
2173
2742
3162
2174
2743
3163
2175
2744
3164
2176
2745
3165
2177
2746
3166
2178
2747
3167
2179
2748
3168
2180
2749
3169
2181
2750
3170
2182
2751
3171
2183
2752
3172
2184
2753
3173
2185
2754
3174
2186
2755
3175
2187
2756
3176
2188
2757
3177
2189
2758
3178
2759
3179
2191
2760
2192
2761
2193
2762
2194
2763
2195
2764
2196
2765
2197
2766
2198
2767
2199
2768
2200
2769
2201
2770
2202
2771
2203
2772
2204
2773
2205
2774
2206
2775
2207
2776
2208
2777
2209
2778
2210
2779
2211
2780
2212
2781
2213
2782
2214
2783
2215
2784
2216
2785
2217
2786
2218
2787
2219
2788
2789
2221
2250
2280
2222
2251
2281
2223
2252
2282
2224
2253
2283
2225
2254
2284
2226
2255
2285
2227
2256
2286
2228
2257
2287
2229
2258
2288
2230
2259
2289
2231
2260
2290
2232
2261
2291
2233
2262
2292
2234
2263
2293
2235
2264
2294
2236
2265
2295
2237
2266
2296
2238
2267
2297
2239
2268
2298
2240
2269
2299
2241
2270
2300
2242
2271
2301
2243
2272
2302
2244
2273
2303
2245
2274
2304
2246
2275
2305
2247
2276
2306
2248
2277
2307
2249
2278
2308
2279
2309
2251
2820
2252
2821
2253
2822
2254
2823
2255
2824
2256
2825
2257
2826
2258
2827
2259
2828
2260
2829
2261
2830
2262
2831
2263
2832
2264
2833
2265
2834
2266
2835
2267
2836
2268
2837
2269
2838
2270
2839
2271
2840
2272
2841
2273
2842
2274
2843
2275
2844
2276
2845
2277
2846
2278
2847
2279
2848
2849
2281
2520
2282
2521
2283
2522
2284
2523
2285
2524
2286
2525
2287
2526
2288
2527
2289
2528
2290
2529
2291
2530
2292
2531
2293
2532
2294
2533
2295
2534
2296
2535
2297
2536
2298
2537
2299
2538
2300
2539
2301
2540
2302
2541
2303
2542
2304
2543
2305
2544
2306
2545
2307
2546
2308
2547
2309
2548
2549
2311
2340
2490
2312
2341
2491
2313
2342
2492
2314
2343
2493
2315
2344
2494
2316
2345
2495
2317
2346
2496
2318
2347
2497
2319
2348
2498
2320
2349
2499
2321
2350
2500
2322
2351
2501
2323
2352
2502
2324
2353
2503
2325
2354
2504
2326
2355
2505
2327
2356
2506
2328
2357
2507
2329
2358
2508
2330
2359
2509
2331
2360
2510
2332
2361
2511
2333
2362
2512
2334
2363
2513
2335
2364
2514
2336
2365
2515
2337
2366
2516
2338
2367
2517
2339
2368
2518
2369
2519
2341
3360
2342
3361
2343
3362
2344
3363
2345
3364
2346
3365
2347
3366
2348
3367
2349
3368
2350
3369
2351
3370
2352
3371
2353
3372
2354
3373
2355
3374
2356
3375
2357
3376
2358
3377
2359
3378
2360
3379
2361
3380
2362
3381
2363
3382
2364
3383
2365
3384
2366
3385
2367
3386
2368
3387
2369
3388
3389
2371
2400
2430
2372
2401
2431
2373
2402
2432
2374
2403
2433
2375
2404
2434
2376
2405
2435
2377
2406
2436
2378
2407
2437
2379
2408
2438
2380
2409
2439
2381
2410
2440
2382
2411
2441
2383
2412
2442
2384
2413
2443
2385
2414
2444
2386
2415
2445
2387
2416
2446
2388
2417
2447
2389
2418
2448
2390
2419
2449
2391
2420
2450
2392
2421
2451
2393
2422
2452
2394
2423
2453
2395
2424
2454
2396
2425
2455
2397
2426
2456
2398
2427
2457
2399
2428
2458
2429
2459
2401
3090
2402
3091
2403
3092
2404
3093
2405
3094
2406
3095
2407
3096
2408
3097
2409
3098
2410
3099
2411
3100
2412
3101
2413
3102
2414
3103
2415
3104
2416
3105
2417
3106
2418
3107
2419
3108
2420
3109
2421
3110
2422
3111
2423
3112
2424
3113
2425
3114
2426
3115
2427
3116
2428
3117
2429
3118
3119
2431
2760
2432
2761
2433
2762
2434
2763
2435
2764
2436
2765
2437
2766
2438
2767
2439
2768
2440
2769
2441
2770
2442
2771
2443
2772
2444
2773
2445
2774
2446
2775
2447
2776
2448
2777
2449
2778
2450
2779
2451
2780
2452
2781
2453
2782
2454
2783
2455
2784
2456
2785
2457
2786
2458
2787
2459
2788
2789
2461
2790
2462
2791
2463
2792
2464
2793
2465
2794
2466
2795
2467
2796
2468
2797
2469
2798
2470
2799
2471
2800
2472
2801
2473
2802
2474
2803
2475
2804
2476
2805
2477
2806
2478
2807
2479
2808
2480
2809
2481
2810
2482
2811
2483
2812
2484
2813
2485
2814
2486
2815
2487
2816
2488
2817
2489
2818
2819
2491
2520
2492
2521
2493
2522
2494
2523
2495
2524
2496
2525
2497
2526
2498
2527
2499
2528
2500
2529
2501
2530
2502
2531
2503
2532
2504
2533
2505
2534
2506
2535
2507
2536
2508
2537
2509
2538
2510
2539
2511
2540
2512
2541
2513
2542
2514
2543
2515
2544
2516
2545
2517
2546
2518
2547
2519
2548
2549
2521
2850
2522
2851
2523
2852
2524
2853
2525
2854
2526
2855
2527
2856
2528
2857
2529
2858
2530
2859
2531
2860
2532
2861
2533
2862
2534
2863
2535
2864
2536
2865
2537
2866
2538
2867
2539
2868
2540
2869
2541
2870
2542
2871
2543
2872
2544
2873
2545
2874
2546
2875
2547
2876
2548
2877
2549
2878
2879
2551
2940
3540
2552
2941
3541
2553
2942
3542
2554
2943
3543
2555
2944
3544
2556
2945
3545
2557
2946
3546
2558
2947
3547
2559
2948
3548
2560
2949
3549
2561
2950
3550
2562
2951
3551
2563
2952
3552
2564
2953
3553
2565
2954
3554
2566
2955
3555
2567
2956
3556
2568
2957
3557
2569
2958
3558
2570
2959
3559
2571
2960
3560
2572
2961
3561
2573
2962
3562
2574
2963
3563
2575
2964
3564
2576
2965
3565
2577
2966
3566
2578
2967
3567
2579
2968
3568
2969
3569
2581
2640
2700
2582
2641
2701
2583
2642
2702
2584
2643
2703
2585
2644
2704
2586
2645
2705
2587
2646
2706
2588
2647
2707
2589
2648
2708
2590
2649
2709
2591
2650
2710
2592
2651
2711
2593
2652
2712
2594
2653
2713
2595
2654
2714
2596
2655
2715
2597
2656
2716
2598
2657
2717
2599
2658
2718
2600
2659
2719
2601
2660
2720
2602
2661
2721
2603
2662
2722
2604
2663
2723
2605
2664
2724
2606
2665
2725
2607
2666
2726
2608
2667
2727
2609
2668
2728
2669
2729
2611
2790
2612
2791
2613
2792
2614
2793
2615
2794
2616
2795
2617
2796
2618
2797
2619
2798
2620
2799
2621
2800
2622
2801
2623
2802
2624
2803
2625
2804
2626
2805
2627
2806
2628
2807
2629
2808
2630
2809
2631
2810
2632
2811
2633
2812
2634
2813
2635
2814
2636
2815
2637
2816
2638
2817
2639
2818
2819
2641
3030
2642
3031
2643
3032
2644
3033
2645
3034
2646
3035
2647
3036
2648
3037
2649
3038
2650
3039
2651
3040
2652
3041
2653
3042
2654
3043
2655
3044
2656
3045
2657
3046
2658
3047
2659
3048
2660
3049
2661
3050
2662
3051
2663
3052
2664
3053
2665
3054
2666
3055
2667
3056
2668
3057
2669
3058
3059
2671
3210
2672
3211
2673
3212
2674
3213
2675
3214
2676
3215
2677
3216
2678
3217
2679
3218
2680
3219
2681
3220
2682
3221
2683
3222
2684
3223
2685
3224
2686
3225
2687
3226
2688
3227
2689
3228
2690
3229
2691
3230
2692
3231
2693
3232
2694
3233
2695
3234
2696
3235
2697
3236
2698
3237
2699
3238
3239
2701
2910
2702
2911
2703
2912
2704
2913
2705
2914
2706
2915
2707
2916
2708
2917
2709
2918
2710
2919
2711
2920
2712
2921
2713
2922
2714
2923
2715
2924
2716
2925
2717
2926
2718
2927
2719
2928
2720
2929
2721
2930
2722
2931
2723
2932
2724
2933
2725
2934
2726
2935
2727
2936
2728
2937
2729
2938
2939
2731
3000
2732
3001
2733
3002
2734
3003
2735
3004
2736
3005
2737
3006
2738
3007
2739
3008
2740
3009
2741
3010
2742
3011
2743
3012
2744
3013
2745
3014
2746
3015
2747
3016
2748
3017
2749
3018
2750
3019
2751
3020
2752
3021
2753
3022
2754
3023
2755
3024
2756
3025
2757
3026
2758
3027
2759
3028
3029
2761
3060
2762
3061
2763
3062
2764
3063
2765
3064
2766
3065
2767
3066
2768
3067
2769
3068
2770
3069
2771
3070
2772
3071
2773
3072
2774
3073
2775
3074
2776
3075
2777
3076
2778
3077
2779
3078
2780
3079
2781
3080
2782
3081
2783
3082
2784
3083
2785
3084
2786
3085
2787
3086
2788
3087
2789
3088
3089
2791
3180
2792
3181
2793
3182
2794
3183
2795
3184
2796
3185
2797
3186
2798
3187
2799
3188
2800
3189
2801
3190
2802
3191
2803
3192
2804
3193
2805
3194
2806
3195
2807
3196
2808
3197
2809
3198
2810
3199
2811
3200
2812
3201
2813
3202
2814
3203
2815
3204
2816
3205
2817
3206
2818
3207
2819
3208
3209
2821
2850
2970
2822
2851
2971
2823
2852
2972
2824
2853
2973
2825
2854
2974
2826
2855
2975
2827
2856
2976
2828
2857
2977
2829
2858
2978
2830
2859
2979
2831
2860
2980
2832
2861
2981
2833
2862
2982
2834
2863
2983
2835
2864
2984
2836
2865
2985
2837
2866
2986
2838
2867
2987
2839
2868
2988
2840
2869
2989
2841
2870
2990
2842
2871
2991
2843
2872
2992
2844
2873
2993
2845
2874
2994
2846
2875
2995
2847
2876
2996
2848
2877
2997
2849
2878
2998
2879
2999
2851
3450
2852
3451
2853
3452
2854
3453
2855
3454
2856
3455
2857
3456
2858
3457
2859
3458
2860
3459
2861
3460
2862
3461
2863
3462
2864
3463
2865
3464
2866
3465
2867
3466
2868
3467
2869
3468
2870
3469
2871
3470
2872
3471
2873
3472
2874
3473
2875
3474
2876
3475
2877
3476
2878
3477
2879
3478
3479
2881
2910
3120
2882
2911
3121
2883
2912
3122
2884
2913
3123
2885
2914
3124
2886
2915
3125
2887
2916
3126
2888
2917
3127
2889
2918
3128
2890
2919
3129
2891
2920
3130
2892
2921
3131
2893
2922
3132
2894
2923
3133
2895
2924
3134
2896
2925
3135
2897
2926
3136
2898
2927
3137
2899
2928
3138
2900
2929
3139
2901
2930
3140
2902
2931
3141
2903
2932
3142
2904
2933
3143
2905
2934
3144
2906
2935
3145
2907
2936
3146
2908
2937
3147
2909
2938
3148
2939
3149
2911
3300
2912
3301
2913
3302
2914
3303
2915
3304
2916
3305
2917
3306
2918
3307
2919
3308
2920
3309
2921
3310
2922
3311
2923
3312
2924
3313
2925
3314
2926
3315
2927
3316
2928
3317
2929
3318
2930
3319
2931
3320
2932
3321
2933
3322
2934
3323
2935
3324
2936
3325
2937
3326
2938
3327
2939
3328
3329
2941
2970
3000
2942
2971
3001
2943
2972
3002
2944
2973
3003
2945
2974
3004
2946
2975
3005
2947
2976
3006
2948
2977
3007
2949
2978
3008
2950
2979
3009
2951
2980
3010
2952
2981
3011
2953
2982
3012
2954
2983
3013
2955
2984
3014
2956
2985
3015
2957
2986
3016
2958
2987
3017
2959
2988
3018
2960
2989
3019
2961
2990
3020
2962
2991
3021
2963
2992
3022
2964
2993
3023
2965
2994
3024
2966
2995
3025
2967
2996
3026
2968
2997
3027
2969
2998
3028
2999
3029
2971
3510
2972
3511
2973
3512
2974
3513
2975
3514
2976
3515
2977
3516
2978
3517
2979
3518
2980
3519
2981
3520
2982
3521
2983
3522
2984
3523
2985
3524
2986
3525
2987
3526
2988
3527
2989
3528
2990
3529
2991
3530
2992
3531
2993
3532
2994
3533
2995
3534
2996
3535
2997
3536
2998
3537
2999
3538
3539
3001
3180
3002
3181
3003
3182
3004
3183
3005
3184
3006
3185
3007
3186
3008
3187
3009
3188
3010
3189
3011
3190
3012
3191
3013
3192
3014
3193
3015
3194
3016
3195
3017
3196
3018
3197
3019
3198
3020
3199
3021
3200
3022
3201
3023
3202
3024
3203
3025
3204
3026
3205
3027
3206
3028
3207
3029
3208
3209
3031
3270
3300
3032
3271
3301
3033
3272
3302
3034
3273
3303
3035
3274
3304
3036
3275
3305
3037
3276
3306
3038
3277
3307
3039
3278
3308
3040
3279
3309
3041
3280
3310
3042
3281
3311
3043
3282
3312
3044
3283
3313
3045
3284
3314
3046
3285
3315
3047
3286
3316
3048
3287
3317
3049
3288
3318
3050
3289
3319
3051
3290
3320
3052
3291
3321
3053
3292
3322
3054
3293
3323
3055
3294
3324
3056
3295
3325
3057
3296
3326
3058
3297
3327
3059
3298
3328
3299
3329
3061
3090
3120
3062
3091
3121
3063
3092
3122
3064
3093
3123
3065
3094
3124
3066
3095
3125
3067
3096
3126
3068
3097
3127
3069
3098
3128
3070
3099
3129
3071
3100
3130
3072
3101
3131
3073
3102
3132
3074
3103
3133
3075
3104
3134
3076
3105
3135
3077
3106
3136
3078
3107
3137
3079
3108
3138
3080
3109
3139
3081
3110
3140
3082
3111
3141
3083
3112
3142
3084
3113
3143
3085
3114
3144
3086
3115
3145
3087
3116
3146
3088
3117
3147
3089
3118
3148
3119
3149
3091
3390
3092
3391
3093
3392
3094
3393
3095
3394
3096
3395
3097
3396
3098
3397
3099
3398
3100
3399
3101
3400
3102
3401
3103
3402
3104
3403
3105
3404
3106
3405
3107
3406
3108
3407
3109
3408
3110
3409
3111
3410
3112
3411
3113
3412
3114
3413
3115
3414
3116
3415
3117
3416
3118
3417
3119
3418
3419
3121
3600
3122
3601
3123
3602
3124
3603
3125
3604
3126
3605
3127
3606
3128
3607
3129
3608
3130
3609
3131
3610
3132
3611
3133
3612
3134
3613
3135
3614
3136
3615
3137
3616
3138
3617
3139
3618
3140
3619
3141
3620
3142
3621
3143
3622
3144
3623
3145
3624
3146
3625
3147
3626
3148
3627
3149
3628
3629
3151
3540
3152
3541
3153
3542
3154
3543
3155
3544
3156
3545
3157
3546
3158
3547
3159
3548
3160
3549
3161
3550
3162
3551
3163
3552
3164
3553
3165
3554
3166
3555
3167
3556
3168
3557
3169
3558
3170
3559
3171
3560
3172
3561
3173
3562
3174
3563
3175
3564
3176
3565
3177
3566
3178
3567
3179
3568
3569
3181
3420
3182
3421
3183
3422
3184
3423
3185
3424
3186
3425
3187
3426
3188
3427
3189
3428
3190
3429
3191
3430
3192
3431
3193
3432
3194
3433
3195
3434
3196
3435
3197
3436
3198
3437
3199
3438
3200
3439
3201
3440
3202
3441
3203
3442
3204
3443
3205
3444
3206
3445
3207
3446
3208
3447
3209
3448
3449
3211
3240
3330
3212
3241
3331
3213
3242
3332
3214
3243
3333
3215
3244
3334
3216
3245
3335
3217
3246
3336
3218
3247
3337
3219
3248
3338
3220
3249
3339
3221
3250
3340
3222
3251
3341
3223
3252
3342
3224
3253
3343
3225
3254
3344
3226
3255
3345
3227
3256
3346
3228
3257
3347
3229
3258
3348
3230
3259
3349
3231
3260
3350
3232
3261
3351
3233
3262
3352
3234
3263
3353
3235
3264
3354
3236
3265
3355
3237
3266
3356
3238
3267
3357
3239
3268
3358
3269
3359
3241
3420
3242
3421
3243
3422
3244
3423
3245
3424
3246
3425
3247
3426
3248
3427
3249
3428
3250
3429
3251
3430
3252
3431
3253
3432
3254
3433
3255
3434
3256
3435
3257
3436
3258
3437
3259
3438
3260
3439
3261
3440
3262
3441
3263
3442
3264
3443
3265
3444
3266
3445
3267
3446
3268
3447
3269
3448
3449
3271
3330
3272
3331
3273
3332
3274
3333
3275
3334
3276
3335
3277
3336
3278
3337
3279
3338
3280
3339
3281
3340
3282
3341
3283
3342
3284
3343
3285
3344
3286
3345
3287
3346
3288
3347
3289
3348
3290
3349
3291
3350
3292
3351
3293
3352
3294
3353
3295
3354
3296
3355
3297
3356
3298
3357
3299
3358
3359
3301
3570
3302
3571
3303
3572
3304
3573
3305
3574
3306
3575
3307
3576
3308
3577
3309
3578
3310
3579
3311
3580
3312
3581
3313
3582
3314
3583
3315
3584
3316
3585
3317
3586
3318
3587
3319
3588
3320
3589
3321
3590
3322
3591
3323
3592
3324
3593
3325
3594
3326
3595
3327
3596
3328
3597
3329
3598
3599
3331
3480
3332
3481
3333
3482
3334
3483
3335
3484
3336
3485
3337
3486
3338
3487
3339
3488
3340
3489
3341
3490
3342
3491
3343
3492
3344
3493
3345
3494
3346
3495
3347
3496
3348
3497
3349
3498
3350
3499
3351
3500
3352
3501
3353
3502
3354
3503
3355
3504
3356
3505
3357
3506
3358
3507
3359
3508
3509
3361
3390
3450
3362
3391
3451
3363
3392
3452
3364
3393
3453
3365
3394
3454
3366
3395
3455
3367
3396
3456
3368
3397
3457
3369
3398
3458
3370
3399
3459
3371
3400
3460
3372
3401
3461
3373
3402
3462
3374
3403
3463
3375
3404
3464
3376
3405
3465
3377
3406
3466
3378
3407
3467
3379
3408
3468
3380
3409
3469
3381
3410
3470
3382
3411
3471
3383
3412
3472
3384
3413
3473
3385
3414
3474
3386
3415
3475
3387
3416
3476
3388
3417
3477
3389
3418
3478
3419
3479
3391
3600
3392
3601
3393
3602
3394
3603
3395
3604
3396
3605
3397
3606
3398
3607
3399
3608
3400
3609
3401
3610
3402
3611
3403
3612
3404
3613
3405
3614
3406
3615
3407
3616
3408
3617
3409
3618
3410
3619
3411
3620
3412
3621
3413
3622
3414
3623
3415
3624
3416
3625
3417
3626
3418
3627
3419
3628
3629
3421
3510
3422
3511
3423
3512
3424
3513
3425
3514
3426
3515
3427
3516
3428
3517
3429
3518
3430
3519
3431
3520
3432
3521
3433
3522
3434
3523
3435
3524
3436
3525
3437
3526
3438
3527
3439
3528
3440
3529
3441
3530
3442
3531
3443
3532
3444
3533
3445
3534
3446
3535
3447
3536
3448
3537
3449
3538
3539
3451
3630
3452
3631
3453
3632
3454
3633
3455
3634
3456
3635
3457
3636
3458
3637
3459
3638
3460
3639
3461
3640
3462
3641
3463
3642
3464
3643
3465
3644
3466
3645
3467
3646
3468
3647
3469
3648
3470
3649
3471
3650
3472
3651
3473
3652
3474
3653
3475
3654
3476
3655
3477
3656
3478
3657
3479
3658
3659
3481
3510
3630
3482
3511
3631
3483
3512
3632
3484
3513
3633
3485
3514
3634
3486
3515
3635
3487
3516
3636
3488
3517
3637
3489
3518
3638
3490
3519
3639
3491
3520
3640
3492
3521
3641
3493
3522
3642
3494
3523
3643
3495
3524
3644
3496
3525
3645
3497
3526
3646
3498
3527
3647
3499
3528
3648
3500
3529
3649
3501
3530
3650
3502
3531
3651
3503
3532
3652
3504
3533
3653
3505
3534
3654
3506
3535
3655
3507
3536
3656
3508
3537
3657
3509
3538
3658
3539
3659
3511
3512
3513
3514
3515
3516
3517
3518
3519
3520
3521
3522
3523
3524
3525
3526
3527
3528
3529
3530
3531
3532
3533
3534
3535
3536
3537
3538
3539
3541
3542
3543
3544
3545
3546
3547
3548
3549
3550
3551
3552
3553
3554
3555
3556
3557
3558
3559
3560
3561
3562
3563
3564
3565
3566
3567
3568
3569
3571
3600
3630
3572
3601
3631
3573
3602
3632
3574
3603
3633
3575
3604
3634
3576
3605
3635
3577
3606
3636
3578
3607
3637
3579
3608
3638
3580
3609
3639
3581
3610
3640
3582
3611
3641
3583
3612
3642
3584
3613
3643
3585
3614
3644
3586
3615
3645
3587
3616
3646
3588
3617
3647
3589
3618
3648
3590
3619
3649
3591
3620
3650
3592
3621
3651
3593
3622
3652
3594
3623
3653
3595
3624
3654
3596
3625
3655
3597
3626
3656
3598
3627
3657
3599
3628
3658
3629
3659
3601
3602
3603
3604
3605
3606
3607
3608
3609
3610
3611
3612
3613
3614
3615
3616
3617
3618
3619
3620
3621
3622
3623
3624
3625
3626
3627
3628
3629
3631
3632
3633
3634
3635
3636
3637
3638
3639
3640
3641
3642
3643
3644
3645
3646
3647
3648
3649
3650
3651
3652
3653
3654
3655
3656
3657
3658
3659
)


// ************************************************************************* //
