/*--------------------------------*- C++ -*----------------------------------*\
| =========                 |                                                 |
| \\      /  F ield         | OpenFOAM: The Open Source CFD Toolbox           |
|  \\    /   O peration     | Version:  2.2.0                                 |
|   \\  /    A nd           | Web:      www.OpenFOAM.org                      |
|    \\/     M anipulation  |                                                 |
\*---------------------------------------------------------------------------*/
FoamFile
{
    version     2.0;
    format      ascii;
    class       vectorField;
    location    "constant/polyMesh";
    object      points;
}
// * * * * * * * * * * * * * * * * * * * * * * * * * * * * * * * * * * * * * //


2387
(
(0.05 0 0.0015)
(0 0 0.0015)
(0 -0.00031187 0.0014672)
(0 -0.0006101 0.0013703)
(0 -0.00088168 0.0012135)
(0 -0.0011147 0.0010037)
(0 -0.001299 0.00075)
(0 -0.0014266 0.00046353)
(0 -0.0014918 0.00015679)
(0 -0.0014918 -0.00015679)
(0 -0.0014266 -0.00046353)
(0 -0.001299 -0.00075)
(0 -0.0011147 -0.0010037)
(0 -0.00088168 -0.0012135)
(0 -0.0006101 -0.0013703)
(0 -0.00031187 -0.0014672)
(0 -8.4983e-19 -0.0015)
(0 0.00031187 -0.0014672)
(0 0.0006101 -0.0013703)
(0 0.00088168 -0.0012135)
(0 0.0011147 -0.0010037)
(0 0.001299 -0.00075)
(0 0.0014266 -0.00046353)
(0 0.0014918 -0.00015679)
(0 0.0014918 0.00015679)
(0 0.0014266 0.00046353)
(0 0.001299 0.00075)
(0 0.0011147 0.0010037)
(0 0.00088168 0.0012135)
(0 0.0006101 0.0013703)
(0 0.00031187 0.0014672)
(0 7.4377e-05 0.0011689)
(0 0.00064323 0.0011172)
(0 0.0010448 0.00074391)
(0 0.0012496 0.00026539)
(0 0.0011565 -0.00029512)
(0 0.0010925 -0.00061259)
(0 0.00084734 -0.00083293)
(0 0.0003983 -0.0011881)
(0 -0.00014221 -0.0012308)
(0 -0.00065833 -0.0010866)
(0 -0.00099093 -0.00065911)
(0 -0.0011984 -0.00039921)
(0 -0.0012468 -8.2005e-05)
(0 -0.0010146 0.00051084)
(0 -0.00089918 0.00084709)
(0 -0.00057217 0.0010151)
(0 -0.00027954 0.0011951)
(0 0.00037748 0.0011532)
(0 0.00083046 0.00092042)
(0 0.0011369 0.00049569)
(0 0.0012068 1.7214e-06)
(0 0.00060405 -0.0010209)
(0 0.00011373 -0.0011879)
(0 -0.00040779 -0.0011148)
(0 -0.00086103 -0.00093512)
(0 -0.0011361 0.00017725)
(0 0.0001984 0.00084044)
(0 0.00080407 0.0005595)
(0 0.00096891 0.00023031)
(0 0.00052031 -0.00062892)
(0 -0.00015297 -0.000846)
(0 0.00081668 -0.00043058)
(0 -0.00068292 0.0001313)
(0 0.00026438 -0.00088738)
(0 -0.00058292 -0.00074135)
(0 -0.0008781 -0.0002714)
(0 -0.00056256 0.00059533)
(0 -0.00019691 0.00079259)
(0 0.0005334 0.00086528)
(0 0.00087489 -8.4219e-05)
(0 -0.00016361 0.00012715)
(0 0.00060866 0.00021075)
(0 -0.00039365 -0.00036312)
(0 0.00041325 -0.00015064)
(0 0.00044433 0.00056008)
(0 8.3687e-05 -0.0004433)
(0 0.00016011 0.00035124)
(0.05 -0.00031187 0.0014672)
(0.05 -0.0006101 0.0013703)
(0.05 -0.00088168 0.0012135)
(0.05 -0.0011147 0.0010037)
(0.05 -0.001299 0.00075)
(0.05 -0.0014266 0.00046353)
(0.05 -0.0014918 0.00015679)
(0.05 -0.0014918 -0.00015679)
(0.05 -0.0014266 -0.00046353)
(0.05 -0.001299 -0.00075)
(0.05 -0.0011147 -0.0010037)
(0.05 -0.00088168 -0.0012135)
(0.05 -0.0006101 -0.0013703)
(0.05 -0.00031187 -0.0014672)
(0.05 -8.4983e-19 -0.0015)
(0.05 0.00031187 -0.0014672)
(0.05 0.0006101 -0.0013703)
(0.05 0.00088168 -0.0012135)
(0.05 0.0011147 -0.0010037)
(0.05 0.001299 -0.00075)
(0.05 0.0014266 -0.00046353)
(0.05 0.0014918 -0.00015679)
(0.05 0.0014918 0.00015679)
(0.05 0.0014266 0.00046353)
(0.05 0.001299 0.00075)
(0.05 0.0011147 0.0010037)
(0.05 0.00088168 0.0012135)
(0.05 0.0006101 0.0013703)
(0.05 0.00031187 0.0014672)
(0.05 7.4377e-05 0.0011689)
(0.05 0.00064323 0.0011172)
(0.05 0.0010448 0.00074391)
(0.05 0.0012496 0.00026539)
(0.05 0.0011565 -0.00029512)
(0.05 0.0010925 -0.00061259)
(0.05 0.00084734 -0.00083293)
(0.05 0.0003983 -0.0011881)
(0.05 -0.00014221 -0.0012308)
(0.05 -0.00065833 -0.0010866)
(0.05 -0.00099093 -0.00065911)
(0.05 -0.0011984 -0.00039921)
(0.05 -0.0012468 -8.2005e-05)
(0.05 -0.0010146 0.00051084)
(0.05 -0.00089918 0.00084709)
(0.05 -0.00057217 0.0010151)
(0.05 -0.00027954 0.0011951)
(0.05 0.00037748 0.0011532)
(0.05 0.00083046 0.00092042)
(0.05 0.0011369 0.00049569)
(0.05 0.0012068 1.7214e-06)
(0.05 0.00060405 -0.0010209)
(0.05 0.00011373 -0.0011879)
(0.05 -0.00040779 -0.0011148)
(0.05 -0.00086103 -0.00093512)
(0.05 -0.0011361 0.00017725)
(0.05 0.0001984 0.00084044)
(0.05 0.00080407 0.0005595)
(0.05 0.00096891 0.00023031)
(0.05 0.00052031 -0.00062892)
(0.05 -0.00015297 -0.000846)
(0.05 0.00081668 -0.00043058)
(0.05 -0.00068292 0.0001313)
(0.05 0.00026438 -0.00088738)
(0.05 -0.00058292 -0.00074135)
(0.05 -0.0008781 -0.0002714)
(0.05 -0.00056256 0.00059533)
(0.05 -0.00019691 0.00079259)
(0.05 0.0005334 0.00086528)
(0.05 0.00087489 -8.4219e-05)
(0.05 -0.00016361 0.00012715)
(0.05 0.00060866 0.00021075)
(0.05 -0.00039365 -0.00036312)
(0.05 0.00041325 -0.00015064)
(0.05 0.00044433 0.00056008)
(0.05 8.3687e-05 -0.0004433)
(0.05 0.00016011 0.00035124)
(0.0016667 3.6739e-19 0.0015)
(0.0033333 3.6739e-19 0.0015)
(0.005 3.6739e-19 0.0015)
(0.0066667 3.6739e-19 0.0015)
(0.0083333 3.6739e-19 0.0015)
(0.01 3.6739e-19 0.0015)
(0.011667 3.6739e-19 0.0015)
(0.013333 3.6739e-19 0.0015)
(0.015 3.6739e-19 0.0015)
(0.016667 3.6739e-19 0.0015)
(0.018333 3.6739e-19 0.0015)
(0.02 3.6739e-19 0.0015)
(0.021667 3.6739e-19 0.0015)
(0.023333 3.6739e-19 0.0015)
(0.025 3.6739e-19 0.0015)
(0.026667 3.6739e-19 0.0015)
(0.028333 3.6739e-19 0.0015)
(0.03 3.6739e-19 0.0015)
(0.031667 3.6739e-19 0.0015)
(0.033333 3.6739e-19 0.0015)
(0.035 3.6739e-19 0.0015)
(0.036667 3.6739e-19 0.0015)
(0.038333 3.6739e-19 0.0015)
(0.04 3.6739e-19 0.0015)
(0.041667 3.6739e-19 0.0015)
(0.043333 3.6739e-19 0.0015)
(0.045 3.6739e-19 0.0015)
(0.046667 3.6739e-19 0.0015)
(0.048333 3.6739e-19 0.0015)
(0.048333 -0.00031187 0.0014672)
(0.048333 -0.0006101 0.0013703)
(0.048333 -0.00088168 0.0012135)
(0.048333 -0.0011147 0.0010037)
(0.048333 -0.001299 0.00075)
(0.048333 -0.0014266 0.00046353)
(0.048333 -0.0014918 0.00015679)
(0.048333 -0.0014918 -0.00015679)
(0.048333 -0.0014266 -0.00046353)
(0.048333 -0.001299 -0.00075)
(0.048333 -0.0011147 -0.0010037)
(0.048333 -0.00088168 -0.0012135)
(0.048333 -0.0006101 -0.0013703)
(0.048333 -0.00031187 -0.0014672)
(0.048333 -8.4983e-19 -0.0015)
(0.048333 0.00031187 -0.0014672)
(0.048333 0.0006101 -0.0013703)
(0.048333 0.00088168 -0.0012135)
(0.048333 0.0011147 -0.0010037)
(0.048333 0.001299 -0.00075)
(0.048333 0.0014266 -0.00046353)
(0.048333 0.0014918 -0.00015679)
(0.048333 0.0014918 0.00015679)
(0.048333 0.0014266 0.00046353)
(0.048333 0.001299 0.00075)
(0.048333 0.0011147 0.0010037)
(0.048333 0.00088168 0.0012135)
(0.048333 0.0006101 0.0013703)
(0.048333 0.00031187 0.0014672)
(0.046667 -0.00031187 0.0014672)
(0.046667 -0.0006101 0.0013703)
(0.046667 -0.00088168 0.0012135)
(0.046667 -0.0011147 0.0010037)
(0.046667 -0.001299 0.00075)
(0.046667 -0.0014266 0.00046353)
(0.046667 -0.0014918 0.00015679)
(0.046667 -0.0014918 -0.00015679)
(0.046667 -0.0014266 -0.00046353)
(0.046667 -0.001299 -0.00075)
(0.046667 -0.0011147 -0.0010037)
(0.046667 -0.00088168 -0.0012135)
(0.046667 -0.0006101 -0.0013703)
(0.046667 -0.00031187 -0.0014672)
(0.046667 -8.4983e-19 -0.0015)
(0.046667 0.00031187 -0.0014672)
(0.046667 0.0006101 -0.0013703)
(0.046667 0.00088168 -0.0012135)
(0.046667 0.0011147 -0.0010037)
(0.046667 0.001299 -0.00075)
(0.046667 0.0014266 -0.00046353)
(0.046667 0.0014918 -0.00015679)
(0.046667 0.0014918 0.00015679)
(0.046667 0.0014266 0.00046353)
(0.046667 0.001299 0.00075)
(0.046667 0.0011147 0.0010037)
(0.046667 0.00088168 0.0012135)
(0.046667 0.0006101 0.0013703)
(0.046667 0.00031187 0.0014672)
(0.045 -0.00031187 0.0014672)
(0.045 -0.0006101 0.0013703)
(0.045 -0.00088168 0.0012135)
(0.045 -0.0011147 0.0010037)
(0.045 -0.001299 0.00075)
(0.045 -0.0014266 0.00046353)
(0.045 -0.0014918 0.00015679)
(0.045 -0.0014918 -0.00015679)
(0.045 -0.0014266 -0.00046353)
(0.045 -0.001299 -0.00075)
(0.045 -0.0011147 -0.0010037)
(0.045 -0.00088168 -0.0012135)
(0.045 -0.0006101 -0.0013703)
(0.045 -0.00031187 -0.0014672)
(0.045 -8.4983e-19 -0.0015)
(0.045 0.00031187 -0.0014672)
(0.045 0.0006101 -0.0013703)
(0.045 0.00088168 -0.0012135)
(0.045 0.0011147 -0.0010037)
(0.045 0.001299 -0.00075)
(0.045 0.0014266 -0.00046353)
(0.045 0.0014918 -0.00015679)
(0.045 0.0014918 0.00015679)
(0.045 0.0014266 0.00046353)
(0.045 0.001299 0.00075)
(0.045 0.0011147 0.0010037)
(0.045 0.00088168 0.0012135)
(0.045 0.0006101 0.0013703)
(0.045 0.00031187 0.0014672)
(0.043333 -0.00031187 0.0014672)
(0.043333 -0.0006101 0.0013703)
(0.043333 -0.00088168 0.0012135)
(0.043333 -0.0011147 0.0010037)
(0.043333 -0.001299 0.00075)
(0.043333 -0.0014266 0.00046353)
(0.043333 -0.0014918 0.00015679)
(0.043333 -0.0014918 -0.00015679)
(0.043333 -0.0014266 -0.00046353)
(0.043333 -0.001299 -0.00075)
(0.043333 -0.0011147 -0.0010037)
(0.043333 -0.00088168 -0.0012135)
(0.043333 -0.0006101 -0.0013703)
(0.043333 -0.00031187 -0.0014672)
(0.043333 -8.4983e-19 -0.0015)
(0.043333 0.00031187 -0.0014672)
(0.043333 0.0006101 -0.0013703)
(0.043333 0.00088168 -0.0012135)
(0.043333 0.0011147 -0.0010037)
(0.043333 0.001299 -0.00075)
(0.043333 0.0014266 -0.00046353)
(0.043333 0.0014918 -0.00015679)
(0.043333 0.0014918 0.00015679)
(0.043333 0.0014266 0.00046353)
(0.043333 0.001299 0.00075)
(0.043333 0.0011147 0.0010037)
(0.043333 0.00088168 0.0012135)
(0.043333 0.0006101 0.0013703)
(0.043333 0.00031187 0.0014672)
(0.041667 -0.00031187 0.0014672)
(0.041667 -0.0006101 0.0013703)
(0.041667 -0.00088168 0.0012135)
(0.041667 -0.0011147 0.0010037)
(0.041667 -0.001299 0.00075)
(0.041667 -0.0014266 0.00046353)
(0.041667 -0.0014918 0.00015679)
(0.041667 -0.0014918 -0.00015679)
(0.041667 -0.0014266 -0.00046353)
(0.041667 -0.001299 -0.00075)
(0.041667 -0.0011147 -0.0010037)
(0.041667 -0.00088168 -0.0012135)
(0.041667 -0.0006101 -0.0013703)
(0.041667 -0.00031187 -0.0014672)
(0.041667 -8.4983e-19 -0.0015)
(0.041667 0.00031187 -0.0014672)
(0.041667 0.0006101 -0.0013703)
(0.041667 0.00088168 -0.0012135)
(0.041667 0.0011147 -0.0010037)
(0.041667 0.001299 -0.00075)
(0.041667 0.0014266 -0.00046353)
(0.041667 0.0014918 -0.00015679)
(0.041667 0.0014918 0.00015679)
(0.041667 0.0014266 0.00046353)
(0.041667 0.001299 0.00075)
(0.041667 0.0011147 0.0010037)
(0.041667 0.00088168 0.0012135)
(0.041667 0.0006101 0.0013703)
(0.041667 0.00031187 0.0014672)
(0.04 -0.00031187 0.0014672)
(0.04 -0.0006101 0.0013703)
(0.04 -0.00088168 0.0012135)
(0.04 -0.0011147 0.0010037)
(0.04 -0.001299 0.00075)
(0.04 -0.0014266 0.00046353)
(0.04 -0.0014918 0.00015679)
(0.04 -0.0014918 -0.00015679)
(0.04 -0.0014266 -0.00046353)
(0.04 -0.001299 -0.00075)
(0.04 -0.0011147 -0.0010037)
(0.04 -0.00088168 -0.0012135)
(0.04 -0.0006101 -0.0013703)
(0.04 -0.00031187 -0.0014672)
(0.04 -8.4983e-19 -0.0015)
(0.04 0.00031187 -0.0014672)
(0.04 0.0006101 -0.0013703)
(0.04 0.00088168 -0.0012135)
(0.04 0.0011147 -0.0010037)
(0.04 0.001299 -0.00075)
(0.04 0.0014266 -0.00046353)
(0.04 0.0014918 -0.00015679)
(0.04 0.0014918 0.00015679)
(0.04 0.0014266 0.00046353)
(0.04 0.001299 0.00075)
(0.04 0.0011147 0.0010037)
(0.04 0.00088168 0.0012135)
(0.04 0.0006101 0.0013703)
(0.04 0.00031187 0.0014672)
(0.038333 -0.00031187 0.0014672)
(0.038333 -0.0006101 0.0013703)
(0.038333 -0.00088168 0.0012135)
(0.038333 -0.0011147 0.0010037)
(0.038333 -0.001299 0.00075)
(0.038333 -0.0014266 0.00046353)
(0.038333 -0.0014918 0.00015679)
(0.038333 -0.0014918 -0.00015679)
(0.038333 -0.0014266 -0.00046353)
(0.038333 -0.001299 -0.00075)
(0.038333 -0.0011147 -0.0010037)
(0.038333 -0.00088168 -0.0012135)
(0.038333 -0.0006101 -0.0013703)
(0.038333 -0.00031187 -0.0014672)
(0.038333 -8.4983e-19 -0.0015)
(0.038333 0.00031187 -0.0014672)
(0.038333 0.0006101 -0.0013703)
(0.038333 0.00088168 -0.0012135)
(0.038333 0.0011147 -0.0010037)
(0.038333 0.001299 -0.00075)
(0.038333 0.0014266 -0.00046353)
(0.038333 0.0014918 -0.00015679)
(0.038333 0.0014918 0.00015679)
(0.038333 0.0014266 0.00046353)
(0.038333 0.001299 0.00075)
(0.038333 0.0011147 0.0010037)
(0.038333 0.00088168 0.0012135)
(0.038333 0.0006101 0.0013703)
(0.038333 0.00031187 0.0014672)
(0.036667 -0.00031187 0.0014672)
(0.036667 -0.0006101 0.0013703)
(0.036667 -0.00088168 0.0012135)
(0.036667 -0.0011147 0.0010037)
(0.036667 -0.001299 0.00075)
(0.036667 -0.0014266 0.00046353)
(0.036667 -0.0014918 0.00015679)
(0.036667 -0.0014918 -0.00015679)
(0.036667 -0.0014266 -0.00046353)
(0.036667 -0.001299 -0.00075)
(0.036667 -0.0011147 -0.0010037)
(0.036667 -0.00088168 -0.0012135)
(0.036667 -0.0006101 -0.0013703)
(0.036667 -0.00031187 -0.0014672)
(0.036667 -8.4983e-19 -0.0015)
(0.036667 0.00031187 -0.0014672)
(0.036667 0.0006101 -0.0013703)
(0.036667 0.00088168 -0.0012135)
(0.036667 0.0011147 -0.0010037)
(0.036667 0.001299 -0.00075)
(0.036667 0.0014266 -0.00046353)
(0.036667 0.0014918 -0.00015679)
(0.036667 0.0014918 0.00015679)
(0.036667 0.0014266 0.00046353)
(0.036667 0.001299 0.00075)
(0.036667 0.0011147 0.0010037)
(0.036667 0.00088168 0.0012135)
(0.036667 0.0006101 0.0013703)
(0.036667 0.00031187 0.0014672)
(0.035 -0.00031187 0.0014672)
(0.035 -0.0006101 0.0013703)
(0.035 -0.00088168 0.0012135)
(0.035 -0.0011147 0.0010037)
(0.035 -0.001299 0.00075)
(0.035 -0.0014266 0.00046353)
(0.035 -0.0014918 0.00015679)
(0.035 -0.0014918 -0.00015679)
(0.035 -0.0014266 -0.00046353)
(0.035 -0.001299 -0.00075)
(0.035 -0.0011147 -0.0010037)
(0.035 -0.00088168 -0.0012135)
(0.035 -0.0006101 -0.0013703)
(0.035 -0.00031187 -0.0014672)
(0.035 -8.4983e-19 -0.0015)
(0.035 0.00031187 -0.0014672)
(0.035 0.0006101 -0.0013703)
(0.035 0.00088168 -0.0012135)
(0.035 0.0011147 -0.0010037)
(0.035 0.001299 -0.00075)
(0.035 0.0014266 -0.00046353)
(0.035 0.0014918 -0.00015679)
(0.035 0.0014918 0.00015679)
(0.035 0.0014266 0.00046353)
(0.035 0.001299 0.00075)
(0.035 0.0011147 0.0010037)
(0.035 0.00088168 0.0012135)
(0.035 0.0006101 0.0013703)
(0.035 0.00031187 0.0014672)
(0.033333 -0.00031187 0.0014672)
(0.033333 -0.0006101 0.0013703)
(0.033333 -0.00088168 0.0012135)
(0.033333 -0.0011147 0.0010037)
(0.033333 -0.001299 0.00075)
(0.033333 -0.0014266 0.00046353)
(0.033333 -0.0014918 0.00015679)
(0.033333 -0.0014918 -0.00015679)
(0.033333 -0.0014266 -0.00046353)
(0.033333 -0.001299 -0.00075)
(0.033333 -0.0011147 -0.0010037)
(0.033333 -0.00088168 -0.0012135)
(0.033333 -0.0006101 -0.0013703)
(0.033333 -0.00031187 -0.0014672)
(0.033333 -8.4983e-19 -0.0015)
(0.033333 0.00031187 -0.0014672)
(0.033333 0.0006101 -0.0013703)
(0.033333 0.00088168 -0.0012135)
(0.033333 0.0011147 -0.0010037)
(0.033333 0.001299 -0.00075)
(0.033333 0.0014266 -0.00046353)
(0.033333 0.0014918 -0.00015679)
(0.033333 0.0014918 0.00015679)
(0.033333 0.0014266 0.00046353)
(0.033333 0.001299 0.00075)
(0.033333 0.0011147 0.0010037)
(0.033333 0.00088168 0.0012135)
(0.033333 0.0006101 0.0013703)
(0.033333 0.00031187 0.0014672)
(0.031667 -0.00031187 0.0014672)
(0.031667 -0.0006101 0.0013703)
(0.031667 -0.00088168 0.0012135)
(0.031667 -0.0011147 0.0010037)
(0.031667 -0.001299 0.00075)
(0.031667 -0.0014266 0.00046353)
(0.031667 -0.0014918 0.00015679)
(0.031667 -0.0014918 -0.00015679)
(0.031667 -0.0014266 -0.00046353)
(0.031667 -0.001299 -0.00075)
(0.031667 -0.0011147 -0.0010037)
(0.031667 -0.00088168 -0.0012135)
(0.031667 -0.0006101 -0.0013703)
(0.031667 -0.00031187 -0.0014672)
(0.031667 -8.4983e-19 -0.0015)
(0.031667 0.00031187 -0.0014672)
(0.031667 0.0006101 -0.0013703)
(0.031667 0.00088168 -0.0012135)
(0.031667 0.0011147 -0.0010037)
(0.031667 0.001299 -0.00075)
(0.031667 0.0014266 -0.00046353)
(0.031667 0.0014918 -0.00015679)
(0.031667 0.0014918 0.00015679)
(0.031667 0.0014266 0.00046353)
(0.031667 0.001299 0.00075)
(0.031667 0.0011147 0.0010037)
(0.031667 0.00088168 0.0012135)
(0.031667 0.0006101 0.0013703)
(0.031667 0.00031187 0.0014672)
(0.03 -0.00031187 0.0014672)
(0.03 -0.0006101 0.0013703)
(0.03 -0.00088168 0.0012135)
(0.03 -0.0011147 0.0010037)
(0.03 -0.001299 0.00075)
(0.03 -0.0014266 0.00046353)
(0.03 -0.0014918 0.00015679)
(0.03 -0.0014918 -0.00015679)
(0.03 -0.0014266 -0.00046353)
(0.03 -0.001299 -0.00075)
(0.03 -0.0011147 -0.0010037)
(0.03 -0.00088168 -0.0012135)
(0.03 -0.0006101 -0.0013703)
(0.03 -0.00031187 -0.0014672)
(0.03 -8.4983e-19 -0.0015)
(0.03 0.00031187 -0.0014672)
(0.03 0.0006101 -0.0013703)
(0.03 0.00088168 -0.0012135)
(0.03 0.0011147 -0.0010037)
(0.03 0.001299 -0.00075)
(0.03 0.0014266 -0.00046353)
(0.03 0.0014918 -0.00015679)
(0.03 0.0014918 0.00015679)
(0.03 0.0014266 0.00046353)
(0.03 0.001299 0.00075)
(0.03 0.0011147 0.0010037)
(0.03 0.00088168 0.0012135)
(0.03 0.0006101 0.0013703)
(0.03 0.00031187 0.0014672)
(0.028333 -0.00031187 0.0014672)
(0.028333 -0.0006101 0.0013703)
(0.028333 -0.00088168 0.0012135)
(0.028333 -0.0011147 0.0010037)
(0.028333 -0.001299 0.00075)
(0.028333 -0.0014266 0.00046353)
(0.028333 -0.0014918 0.00015679)
(0.028333 -0.0014918 -0.00015679)
(0.028333 -0.0014266 -0.00046353)
(0.028333 -0.001299 -0.00075)
(0.028333 -0.0011147 -0.0010037)
(0.028333 -0.00088168 -0.0012135)
(0.028333 -0.0006101 -0.0013703)
(0.028333 -0.00031187 -0.0014672)
(0.028333 -8.4983e-19 -0.0015)
(0.028333 0.00031187 -0.0014672)
(0.028333 0.0006101 -0.0013703)
(0.028333 0.00088168 -0.0012135)
(0.028333 0.0011147 -0.0010037)
(0.028333 0.001299 -0.00075)
(0.028333 0.0014266 -0.00046353)
(0.028333 0.0014918 -0.00015679)
(0.028333 0.0014918 0.00015679)
(0.028333 0.0014266 0.00046353)
(0.028333 0.001299 0.00075)
(0.028333 0.0011147 0.0010037)
(0.028333 0.00088168 0.0012135)
(0.028333 0.0006101 0.0013703)
(0.028333 0.00031187 0.0014672)
(0.026667 -0.00031187 0.0014672)
(0.026667 -0.0006101 0.0013703)
(0.026667 -0.00088168 0.0012135)
(0.026667 -0.0011147 0.0010037)
(0.026667 -0.001299 0.00075)
(0.026667 -0.0014266 0.00046353)
(0.026667 -0.0014918 0.00015679)
(0.026667 -0.0014918 -0.00015679)
(0.026667 -0.0014266 -0.00046353)
(0.026667 -0.001299 -0.00075)
(0.026667 -0.0011147 -0.0010037)
(0.026667 -0.00088168 -0.0012135)
(0.026667 -0.0006101 -0.0013703)
(0.026667 -0.00031187 -0.0014672)
(0.026667 -8.4983e-19 -0.0015)
(0.026667 0.00031187 -0.0014672)
(0.026667 0.0006101 -0.0013703)
(0.026667 0.00088168 -0.0012135)
(0.026667 0.0011147 -0.0010037)
(0.026667 0.001299 -0.00075)
(0.026667 0.0014266 -0.00046353)
(0.026667 0.0014918 -0.00015679)
(0.026667 0.0014918 0.00015679)
(0.026667 0.0014266 0.00046353)
(0.026667 0.001299 0.00075)
(0.026667 0.0011147 0.0010037)
(0.026667 0.00088168 0.0012135)
(0.026667 0.0006101 0.0013703)
(0.026667 0.00031187 0.0014672)
(0.025 -0.00031187 0.0014672)
(0.025 -0.0006101 0.0013703)
(0.025 -0.00088168 0.0012135)
(0.025 -0.0011147 0.0010037)
(0.025 -0.001299 0.00075)
(0.025 -0.0014266 0.00046353)
(0.025 -0.0014918 0.00015679)
(0.025 -0.0014918 -0.00015679)
(0.025 -0.0014266 -0.00046353)
(0.025 -0.001299 -0.00075)
(0.025 -0.0011147 -0.0010037)
(0.025 -0.00088168 -0.0012135)
(0.025 -0.0006101 -0.0013703)
(0.025 -0.00031187 -0.0014672)
(0.025 -8.4983e-19 -0.0015)
(0.025 0.00031187 -0.0014672)
(0.025 0.0006101 -0.0013703)
(0.025 0.00088168 -0.0012135)
(0.025 0.0011147 -0.0010037)
(0.025 0.001299 -0.00075)
(0.025 0.0014266 -0.00046353)
(0.025 0.0014918 -0.00015679)
(0.025 0.0014918 0.00015679)
(0.025 0.0014266 0.00046353)
(0.025 0.001299 0.00075)
(0.025 0.0011147 0.0010037)
(0.025 0.00088168 0.0012135)
(0.025 0.0006101 0.0013703)
(0.025 0.00031187 0.0014672)
(0.023333 -0.00031187 0.0014672)
(0.023333 -0.0006101 0.0013703)
(0.023333 -0.00088168 0.0012135)
(0.023333 -0.0011147 0.0010037)
(0.023333 -0.001299 0.00075)
(0.023333 -0.0014266 0.00046353)
(0.023333 -0.0014918 0.00015679)
(0.023333 -0.0014918 -0.00015679)
(0.023333 -0.0014266 -0.00046353)
(0.023333 -0.001299 -0.00075)
(0.023333 -0.0011147 -0.0010037)
(0.023333 -0.00088168 -0.0012135)
(0.023333 -0.0006101 -0.0013703)
(0.023333 -0.00031187 -0.0014672)
(0.023333 -8.4983e-19 -0.0015)
(0.023333 0.00031187 -0.0014672)
(0.023333 0.0006101 -0.0013703)
(0.023333 0.00088168 -0.0012135)
(0.023333 0.0011147 -0.0010037)
(0.023333 0.001299 -0.00075)
(0.023333 0.0014266 -0.00046353)
(0.023333 0.0014918 -0.00015679)
(0.023333 0.0014918 0.00015679)
(0.023333 0.0014266 0.00046353)
(0.023333 0.001299 0.00075)
(0.023333 0.0011147 0.0010037)
(0.023333 0.00088168 0.0012135)
(0.023333 0.0006101 0.0013703)
(0.023333 0.00031187 0.0014672)
(0.021667 -0.00031187 0.0014672)
(0.021667 -0.0006101 0.0013703)
(0.021667 -0.00088168 0.0012135)
(0.021667 -0.0011147 0.0010037)
(0.021667 -0.001299 0.00075)
(0.021667 -0.0014266 0.00046353)
(0.021667 -0.0014918 0.00015679)
(0.021667 -0.0014918 -0.00015679)
(0.021667 -0.0014266 -0.00046353)
(0.021667 -0.001299 -0.00075)
(0.021667 -0.0011147 -0.0010037)
(0.021667 -0.00088168 -0.0012135)
(0.021667 -0.0006101 -0.0013703)
(0.021667 -0.00031187 -0.0014672)
(0.021667 -8.4983e-19 -0.0015)
(0.021667 0.00031187 -0.0014672)
(0.021667 0.0006101 -0.0013703)
(0.021667 0.00088168 -0.0012135)
(0.021667 0.0011147 -0.0010037)
(0.021667 0.001299 -0.00075)
(0.021667 0.0014266 -0.00046353)
(0.021667 0.0014918 -0.00015679)
(0.021667 0.0014918 0.00015679)
(0.021667 0.0014266 0.00046353)
(0.021667 0.001299 0.00075)
(0.021667 0.0011147 0.0010037)
(0.021667 0.00088168 0.0012135)
(0.021667 0.0006101 0.0013703)
(0.021667 0.00031187 0.0014672)
(0.02 -0.00031187 0.0014672)
(0.02 -0.0006101 0.0013703)
(0.02 -0.00088168 0.0012135)
(0.02 -0.0011147 0.0010037)
(0.02 -0.001299 0.00075)
(0.02 -0.0014266 0.00046353)
(0.02 -0.0014918 0.00015679)
(0.02 -0.0014918 -0.00015679)
(0.02 -0.0014266 -0.00046353)
(0.02 -0.001299 -0.00075)
(0.02 -0.0011147 -0.0010037)
(0.02 -0.00088168 -0.0012135)
(0.02 -0.0006101 -0.0013703)
(0.02 -0.00031187 -0.0014672)
(0.02 -8.4983e-19 -0.0015)
(0.02 0.00031187 -0.0014672)
(0.02 0.0006101 -0.0013703)
(0.02 0.00088168 -0.0012135)
(0.02 0.0011147 -0.0010037)
(0.02 0.001299 -0.00075)
(0.02 0.0014266 -0.00046353)
(0.02 0.0014918 -0.00015679)
(0.02 0.0014918 0.00015679)
(0.02 0.0014266 0.00046353)
(0.02 0.001299 0.00075)
(0.02 0.0011147 0.0010037)
(0.02 0.00088168 0.0012135)
(0.02 0.0006101 0.0013703)
(0.02 0.00031187 0.0014672)
(0.018333 -0.00031187 0.0014672)
(0.018333 -0.0006101 0.0013703)
(0.018333 -0.00088168 0.0012135)
(0.018333 -0.0011147 0.0010037)
(0.018333 -0.001299 0.00075)
(0.018333 -0.0014266 0.00046353)
(0.018333 -0.0014918 0.00015679)
(0.018333 -0.0014918 -0.00015679)
(0.018333 -0.0014266 -0.00046353)
(0.018333 -0.001299 -0.00075)
(0.018333 -0.0011147 -0.0010037)
(0.018333 -0.00088168 -0.0012135)
(0.018333 -0.0006101 -0.0013703)
(0.018333 -0.00031187 -0.0014672)
(0.018333 -8.4983e-19 -0.0015)
(0.018333 0.00031187 -0.0014672)
(0.018333 0.0006101 -0.0013703)
(0.018333 0.00088168 -0.0012135)
(0.018333 0.0011147 -0.0010037)
(0.018333 0.001299 -0.00075)
(0.018333 0.0014266 -0.00046353)
(0.018333 0.0014918 -0.00015679)
(0.018333 0.0014918 0.00015679)
(0.018333 0.0014266 0.00046353)
(0.018333 0.001299 0.00075)
(0.018333 0.0011147 0.0010037)
(0.018333 0.00088168 0.0012135)
(0.018333 0.0006101 0.0013703)
(0.018333 0.00031187 0.0014672)
(0.016667 -0.00031187 0.0014672)
(0.016667 -0.0006101 0.0013703)
(0.016667 -0.00088168 0.0012135)
(0.016667 -0.0011147 0.0010037)
(0.016667 -0.001299 0.00075)
(0.016667 -0.0014266 0.00046353)
(0.016667 -0.0014918 0.00015679)
(0.016667 -0.0014918 -0.00015679)
(0.016667 -0.0014266 -0.00046353)
(0.016667 -0.001299 -0.00075)
(0.016667 -0.0011147 -0.0010037)
(0.016667 -0.00088168 -0.0012135)
(0.016667 -0.0006101 -0.0013703)
(0.016667 -0.00031187 -0.0014672)
(0.016667 -8.4983e-19 -0.0015)
(0.016667 0.00031187 -0.0014672)
(0.016667 0.0006101 -0.0013703)
(0.016667 0.00088168 -0.0012135)
(0.016667 0.0011147 -0.0010037)
(0.016667 0.001299 -0.00075)
(0.016667 0.0014266 -0.00046353)
(0.016667 0.0014918 -0.00015679)
(0.016667 0.0014918 0.00015679)
(0.016667 0.0014266 0.00046353)
(0.016667 0.001299 0.00075)
(0.016667 0.0011147 0.0010037)
(0.016667 0.00088168 0.0012135)
(0.016667 0.0006101 0.0013703)
(0.016667 0.00031187 0.0014672)
(0.015 -0.00031187 0.0014672)
(0.015 -0.0006101 0.0013703)
(0.015 -0.00088168 0.0012135)
(0.015 -0.0011147 0.0010037)
(0.015 -0.001299 0.00075)
(0.015 -0.0014266 0.00046353)
(0.015 -0.0014918 0.00015679)
(0.015 -0.0014918 -0.00015679)
(0.015 -0.0014266 -0.00046353)
(0.015 -0.001299 -0.00075)
(0.015 -0.0011147 -0.0010037)
(0.015 -0.00088168 -0.0012135)
(0.015 -0.0006101 -0.0013703)
(0.015 -0.00031187 -0.0014672)
(0.015 -8.4983e-19 -0.0015)
(0.015 0.00031187 -0.0014672)
(0.015 0.0006101 -0.0013703)
(0.015 0.00088168 -0.0012135)
(0.015 0.0011147 -0.0010037)
(0.015 0.001299 -0.00075)
(0.015 0.0014266 -0.00046353)
(0.015 0.0014918 -0.00015679)
(0.015 0.0014918 0.00015679)
(0.015 0.0014266 0.00046353)
(0.015 0.001299 0.00075)
(0.015 0.0011147 0.0010037)
(0.015 0.00088168 0.0012135)
(0.015 0.0006101 0.0013703)
(0.015 0.00031187 0.0014672)
(0.013333 -0.00031187 0.0014672)
(0.013333 -0.0006101 0.0013703)
(0.013333 -0.00088168 0.0012135)
(0.013333 -0.0011147 0.0010037)
(0.013333 -0.001299 0.00075)
(0.013333 -0.0014266 0.00046353)
(0.013333 -0.0014918 0.00015679)
(0.013333 -0.0014918 -0.00015679)
(0.013333 -0.0014266 -0.00046353)
(0.013333 -0.001299 -0.00075)
(0.013333 -0.0011147 -0.0010037)
(0.013333 -0.00088168 -0.0012135)
(0.013333 -0.0006101 -0.0013703)
(0.013333 -0.00031187 -0.0014672)
(0.013333 -8.4983e-19 -0.0015)
(0.013333 0.00031187 -0.0014672)
(0.013333 0.0006101 -0.0013703)
(0.013333 0.00088168 -0.0012135)
(0.013333 0.0011147 -0.0010037)
(0.013333 0.001299 -0.00075)
(0.013333 0.0014266 -0.00046353)
(0.013333 0.0014918 -0.00015679)
(0.013333 0.0014918 0.00015679)
(0.013333 0.0014266 0.00046353)
(0.013333 0.001299 0.00075)
(0.013333 0.0011147 0.0010037)
(0.013333 0.00088168 0.0012135)
(0.013333 0.0006101 0.0013703)
(0.013333 0.00031187 0.0014672)
(0.011667 -0.00031187 0.0014672)
(0.011667 -0.0006101 0.0013703)
(0.011667 -0.00088168 0.0012135)
(0.011667 -0.0011147 0.0010037)
(0.011667 -0.001299 0.00075)
(0.011667 -0.0014266 0.00046353)
(0.011667 -0.0014918 0.00015679)
(0.011667 -0.0014918 -0.00015679)
(0.011667 -0.0014266 -0.00046353)
(0.011667 -0.001299 -0.00075)
(0.011667 -0.0011147 -0.0010037)
(0.011667 -0.00088168 -0.0012135)
(0.011667 -0.0006101 -0.0013703)
(0.011667 -0.00031187 -0.0014672)
(0.011667 -8.4983e-19 -0.0015)
(0.011667 0.00031187 -0.0014672)
(0.011667 0.0006101 -0.0013703)
(0.011667 0.00088168 -0.0012135)
(0.011667 0.0011147 -0.0010037)
(0.011667 0.001299 -0.00075)
(0.011667 0.0014266 -0.00046353)
(0.011667 0.0014918 -0.00015679)
(0.011667 0.0014918 0.00015679)
(0.011667 0.0014266 0.00046353)
(0.011667 0.001299 0.00075)
(0.011667 0.0011147 0.0010037)
(0.011667 0.00088168 0.0012135)
(0.011667 0.0006101 0.0013703)
(0.011667 0.00031187 0.0014672)
(0.01 -0.00031187 0.0014672)
(0.01 -0.0006101 0.0013703)
(0.01 -0.00088168 0.0012135)
(0.01 -0.0011147 0.0010037)
(0.01 -0.001299 0.00075)
(0.01 -0.0014266 0.00046353)
(0.01 -0.0014918 0.00015679)
(0.01 -0.0014918 -0.00015679)
(0.01 -0.0014266 -0.00046353)
(0.01 -0.001299 -0.00075)
(0.01 -0.0011147 -0.0010037)
(0.01 -0.00088168 -0.0012135)
(0.01 -0.0006101 -0.0013703)
(0.01 -0.00031187 -0.0014672)
(0.01 -8.4983e-19 -0.0015)
(0.01 0.00031187 -0.0014672)
(0.01 0.0006101 -0.0013703)
(0.01 0.00088168 -0.0012135)
(0.01 0.0011147 -0.0010037)
(0.01 0.001299 -0.00075)
(0.01 0.0014266 -0.00046353)
(0.01 0.0014918 -0.00015679)
(0.01 0.0014918 0.00015679)
(0.01 0.0014266 0.00046353)
(0.01 0.001299 0.00075)
(0.01 0.0011147 0.0010037)
(0.01 0.00088168 0.0012135)
(0.01 0.0006101 0.0013703)
(0.01 0.00031187 0.0014672)
(0.0083333 -0.00031187 0.0014672)
(0.0083333 -0.0006101 0.0013703)
(0.0083333 -0.00088168 0.0012135)
(0.0083333 -0.0011147 0.0010037)
(0.0083333 -0.001299 0.00075)
(0.0083333 -0.0014266 0.00046353)
(0.0083333 -0.0014918 0.00015679)
(0.0083333 -0.0014918 -0.00015679)
(0.0083333 -0.0014266 -0.00046353)
(0.0083333 -0.001299 -0.00075)
(0.0083333 -0.0011147 -0.0010037)
(0.0083333 -0.00088168 -0.0012135)
(0.0083333 -0.0006101 -0.0013703)
(0.0083333 -0.00031187 -0.0014672)
(0.0083333 -8.4983e-19 -0.0015)
(0.0083333 0.00031187 -0.0014672)
(0.0083333 0.0006101 -0.0013703)
(0.0083333 0.00088168 -0.0012135)
(0.0083333 0.0011147 -0.0010037)
(0.0083333 0.001299 -0.00075)
(0.0083333 0.0014266 -0.00046353)
(0.0083333 0.0014918 -0.00015679)
(0.0083333 0.0014918 0.00015679)
(0.0083333 0.0014266 0.00046353)
(0.0083333 0.001299 0.00075)
(0.0083333 0.0011147 0.0010037)
(0.0083333 0.00088168 0.0012135)
(0.0083333 0.0006101 0.0013703)
(0.0083333 0.00031187 0.0014672)
(0.0066667 -0.00031187 0.0014672)
(0.0066667 -0.0006101 0.0013703)
(0.0066667 -0.00088168 0.0012135)
(0.0066667 -0.0011147 0.0010037)
(0.0066667 -0.001299 0.00075)
(0.0066667 -0.0014266 0.00046353)
(0.0066667 -0.0014918 0.00015679)
(0.0066667 -0.0014918 -0.00015679)
(0.0066667 -0.0014266 -0.00046353)
(0.0066667 -0.001299 -0.00075)
(0.0066667 -0.0011147 -0.0010037)
(0.0066667 -0.00088168 -0.0012135)
(0.0066667 -0.0006101 -0.0013703)
(0.0066667 -0.00031187 -0.0014672)
(0.0066667 -8.4983e-19 -0.0015)
(0.0066667 0.00031187 -0.0014672)
(0.0066667 0.0006101 -0.0013703)
(0.0066667 0.00088168 -0.0012135)
(0.0066667 0.0011147 -0.0010037)
(0.0066667 0.001299 -0.00075)
(0.0066667 0.0014266 -0.00046353)
(0.0066667 0.0014918 -0.00015679)
(0.0066667 0.0014918 0.00015679)
(0.0066667 0.0014266 0.00046353)
(0.0066667 0.001299 0.00075)
(0.0066667 0.0011147 0.0010037)
(0.0066667 0.00088168 0.0012135)
(0.0066667 0.0006101 0.0013703)
(0.0066667 0.00031187 0.0014672)
(0.005 -0.00031187 0.0014672)
(0.005 -0.0006101 0.0013703)
(0.005 -0.00088168 0.0012135)
(0.005 -0.0011147 0.0010037)
(0.005 -0.001299 0.00075)
(0.005 -0.0014266 0.00046353)
(0.005 -0.0014918 0.00015679)
(0.005 -0.0014918 -0.00015679)
(0.005 -0.0014266 -0.00046353)
(0.005 -0.001299 -0.00075)
(0.005 -0.0011147 -0.0010037)
(0.005 -0.00088168 -0.0012135)
(0.005 -0.0006101 -0.0013703)
(0.005 -0.00031187 -0.0014672)
(0.005 -8.4983e-19 -0.0015)
(0.005 0.00031187 -0.0014672)
(0.005 0.0006101 -0.0013703)
(0.005 0.00088168 -0.0012135)
(0.005 0.0011147 -0.0010037)
(0.005 0.001299 -0.00075)
(0.005 0.0014266 -0.00046353)
(0.005 0.0014918 -0.00015679)
(0.005 0.0014918 0.00015679)
(0.005 0.0014266 0.00046353)
(0.005 0.001299 0.00075)
(0.005 0.0011147 0.0010037)
(0.005 0.00088168 0.0012135)
(0.005 0.0006101 0.0013703)
(0.005 0.00031187 0.0014672)
(0.0033333 -0.00031187 0.0014672)
(0.0033333 -0.0006101 0.0013703)
(0.0033333 -0.00088168 0.0012135)
(0.0033333 -0.0011147 0.0010037)
(0.0033333 -0.001299 0.00075)
(0.0033333 -0.0014266 0.00046353)
(0.0033333 -0.0014918 0.00015679)
(0.0033333 -0.0014918 -0.00015679)
(0.0033333 -0.0014266 -0.00046353)
(0.0033333 -0.001299 -0.00075)
(0.0033333 -0.0011147 -0.0010037)
(0.0033333 -0.00088168 -0.0012135)
(0.0033333 -0.0006101 -0.0013703)
(0.0033333 -0.00031187 -0.0014672)
(0.0033333 -8.4983e-19 -0.0015)
(0.0033333 0.00031187 -0.0014672)
(0.0033333 0.0006101 -0.0013703)
(0.0033333 0.00088168 -0.0012135)
(0.0033333 0.0011147 -0.0010037)
(0.0033333 0.001299 -0.00075)
(0.0033333 0.0014266 -0.00046353)
(0.0033333 0.0014918 -0.00015679)
(0.0033333 0.0014918 0.00015679)
(0.0033333 0.0014266 0.00046353)
(0.0033333 0.001299 0.00075)
(0.0033333 0.0011147 0.0010037)
(0.0033333 0.00088168 0.0012135)
(0.0033333 0.0006101 0.0013703)
(0.0033333 0.00031187 0.0014672)
(0.0016667 -0.00031187 0.0014672)
(0.0016667 -0.0006101 0.0013703)
(0.0016667 -0.00088168 0.0012135)
(0.0016667 -0.0011147 0.0010037)
(0.0016667 -0.001299 0.00075)
(0.0016667 -0.0014266 0.00046353)
(0.0016667 -0.0014918 0.00015679)
(0.0016667 -0.0014918 -0.00015679)
(0.0016667 -0.0014266 -0.00046353)
(0.0016667 -0.001299 -0.00075)
(0.0016667 -0.0011147 -0.0010037)
(0.0016667 -0.00088168 -0.0012135)
(0.0016667 -0.0006101 -0.0013703)
(0.0016667 -0.00031187 -0.0014672)
(0.0016667 -8.4983e-19 -0.0015)
(0.0016667 0.00031187 -0.0014672)
(0.0016667 0.0006101 -0.0013703)
(0.0016667 0.00088168 -0.0012135)
(0.0016667 0.0011147 -0.0010037)
(0.0016667 0.001299 -0.00075)
(0.0016667 0.0014266 -0.00046353)
(0.0016667 0.0014918 -0.00015679)
(0.0016667 0.0014918 0.00015679)
(0.0016667 0.0014266 0.00046353)
(0.0016667 0.001299 0.00075)
(0.0016667 0.0011147 0.0010037)
(0.0016667 0.00088168 0.0012135)
(0.0016667 0.0006101 0.0013703)
(0.0016667 0.00031187 0.0014672)
(0.048333 7.4377e-05 0.0011689)
(0.046667 7.4377e-05 0.0011689)
(0.045 7.4377e-05 0.0011689)
(0.043333 7.4377e-05 0.0011689)
(0.041667 7.4377e-05 0.0011689)
(0.04 7.4377e-05 0.0011689)
(0.038333 7.4377e-05 0.0011689)
(0.036667 7.4377e-05 0.0011689)
(0.035 7.4377e-05 0.0011689)
(0.033333 7.4377e-05 0.0011689)
(0.031667 7.4377e-05 0.0011689)
(0.03 7.4377e-05 0.0011689)
(0.028333 7.4377e-05 0.0011689)
(0.026667 7.4377e-05 0.0011689)
(0.025 7.4377e-05 0.0011689)
(0.023333 7.4377e-05 0.0011689)
(0.021667 7.4377e-05 0.0011689)
(0.02 7.4377e-05 0.0011689)
(0.018333 7.4377e-05 0.0011689)
(0.016667 7.4377e-05 0.0011689)
(0.015 7.4377e-05 0.0011689)
(0.013333 7.4377e-05 0.0011689)
(0.011667 7.4377e-05 0.0011689)
(0.01 7.4377e-05 0.0011689)
(0.0083333 7.4377e-05 0.0011689)
(0.0066667 7.4377e-05 0.0011689)
(0.005 7.4377e-05 0.0011689)
(0.0033333 7.4377e-05 0.0011689)
(0.0016667 7.4377e-05 0.0011689)
(0.048333 0.00064323 0.0011172)
(0.046667 0.00064323 0.0011172)
(0.045 0.00064323 0.0011172)
(0.043333 0.00064323 0.0011172)
(0.041667 0.00064323 0.0011172)
(0.04 0.00064323 0.0011172)
(0.038333 0.00064323 0.0011172)
(0.036667 0.00064323 0.0011172)
(0.035 0.00064323 0.0011172)
(0.033333 0.00064323 0.0011172)
(0.031667 0.00064323 0.0011172)
(0.03 0.00064323 0.0011172)
(0.028333 0.00064323 0.0011172)
(0.026667 0.00064323 0.0011172)
(0.025 0.00064323 0.0011172)
(0.023333 0.00064323 0.0011172)
(0.021667 0.00064323 0.0011172)
(0.02 0.00064323 0.0011172)
(0.018333 0.00064323 0.0011172)
(0.016667 0.00064323 0.0011172)
(0.015 0.00064323 0.0011172)
(0.013333 0.00064323 0.0011172)
(0.011667 0.00064323 0.0011172)
(0.01 0.00064323 0.0011172)
(0.0083333 0.00064323 0.0011172)
(0.0066667 0.00064323 0.0011172)
(0.005 0.00064323 0.0011172)
(0.0033333 0.00064323 0.0011172)
(0.0016667 0.00064323 0.0011172)
(0.048333 0.0010448 0.00074391)
(0.046667 0.0010448 0.00074391)
(0.045 0.0010448 0.00074391)
(0.043333 0.0010448 0.00074391)
(0.041667 0.0010448 0.00074391)
(0.04 0.0010448 0.00074391)
(0.038333 0.0010448 0.00074391)
(0.036667 0.0010448 0.00074391)
(0.035 0.0010448 0.00074391)
(0.033333 0.0010448 0.00074391)
(0.031667 0.0010448 0.00074391)
(0.03 0.0010448 0.00074391)
(0.028333 0.0010448 0.00074391)
(0.026667 0.0010448 0.00074391)
(0.025 0.0010448 0.00074391)
(0.023333 0.0010448 0.00074391)
(0.021667 0.0010448 0.00074391)
(0.02 0.0010448 0.00074391)
(0.018333 0.0010448 0.00074391)
(0.016667 0.0010448 0.00074391)
(0.015 0.0010448 0.00074391)
(0.013333 0.0010448 0.00074391)
(0.011667 0.0010448 0.00074391)
(0.01 0.0010448 0.00074391)
(0.0083333 0.0010448 0.00074391)
(0.0066667 0.0010448 0.00074391)
(0.005 0.0010448 0.00074391)
(0.0033333 0.0010448 0.00074391)
(0.0016667 0.0010448 0.00074391)
(0.048333 0.0012496 0.00026539)
(0.046667 0.0012496 0.00026539)
(0.045 0.0012496 0.00026539)
(0.043333 0.0012496 0.00026539)
(0.041667 0.0012496 0.00026539)
(0.04 0.0012496 0.00026539)
(0.038333 0.0012496 0.00026539)
(0.036667 0.0012496 0.00026539)
(0.035 0.0012496 0.00026539)
(0.033333 0.0012496 0.00026539)
(0.031667 0.0012496 0.00026539)
(0.03 0.0012496 0.00026539)
(0.028333 0.0012496 0.00026539)
(0.026667 0.0012496 0.00026539)
(0.025 0.0012496 0.00026539)
(0.023333 0.0012496 0.00026539)
(0.021667 0.0012496 0.00026539)
(0.02 0.0012496 0.00026539)
(0.018333 0.0012496 0.00026539)
(0.016667 0.0012496 0.00026539)
(0.015 0.0012496 0.00026539)
(0.013333 0.0012496 0.00026539)
(0.011667 0.0012496 0.00026539)
(0.01 0.0012496 0.00026539)
(0.0083333 0.0012496 0.00026539)
(0.0066667 0.0012496 0.00026539)
(0.005 0.0012496 0.00026539)
(0.0033333 0.0012496 0.00026539)
(0.0016667 0.0012496 0.00026539)
(0.048333 0.0011565 -0.00029512)
(0.046667 0.0011565 -0.00029512)
(0.045 0.0011565 -0.00029512)
(0.043333 0.0011565 -0.00029512)
(0.041667 0.0011565 -0.00029512)
(0.04 0.0011565 -0.00029512)
(0.038333 0.0011565 -0.00029512)
(0.036667 0.0011565 -0.00029512)
(0.035 0.0011565 -0.00029512)
(0.033333 0.0011565 -0.00029512)
(0.031667 0.0011565 -0.00029512)
(0.03 0.0011565 -0.00029512)
(0.028333 0.0011565 -0.00029512)
(0.026667 0.0011565 -0.00029512)
(0.025 0.0011565 -0.00029512)
(0.023333 0.0011565 -0.00029512)
(0.021667 0.0011565 -0.00029512)
(0.02 0.0011565 -0.00029512)
(0.018333 0.0011565 -0.00029512)
(0.016667 0.0011565 -0.00029512)
(0.015 0.0011565 -0.00029512)
(0.013333 0.0011565 -0.00029512)
(0.011667 0.0011565 -0.00029512)
(0.01 0.0011565 -0.00029512)
(0.0083333 0.0011565 -0.00029512)
(0.0066667 0.0011565 -0.00029512)
(0.005 0.0011565 -0.00029512)
(0.0033333 0.0011565 -0.00029512)
(0.0016667 0.0011565 -0.00029512)
(0.048333 0.0010925 -0.00061259)
(0.046667 0.0010925 -0.00061259)
(0.045 0.0010925 -0.00061259)
(0.043333 0.0010925 -0.00061259)
(0.041667 0.0010925 -0.00061259)
(0.04 0.0010925 -0.00061259)
(0.038333 0.0010925 -0.00061259)
(0.036667 0.0010925 -0.00061259)
(0.035 0.0010925 -0.00061259)
(0.033333 0.0010925 -0.00061259)
(0.031667 0.0010925 -0.00061259)
(0.03 0.0010925 -0.00061259)
(0.028333 0.0010925 -0.00061259)
(0.026667 0.0010925 -0.00061259)
(0.025 0.0010925 -0.00061259)
(0.023333 0.0010925 -0.00061259)
(0.021667 0.0010925 -0.00061259)
(0.02 0.0010925 -0.00061259)
(0.018333 0.0010925 -0.00061259)
(0.016667 0.0010925 -0.00061259)
(0.015 0.0010925 -0.00061259)
(0.013333 0.0010925 -0.00061259)
(0.011667 0.0010925 -0.00061259)
(0.01 0.0010925 -0.00061259)
(0.0083333 0.0010925 -0.00061259)
(0.0066667 0.0010925 -0.00061259)
(0.005 0.0010925 -0.00061259)
(0.0033333 0.0010925 -0.00061259)
(0.0016667 0.0010925 -0.00061259)
(0.048333 0.00084734 -0.00083293)
(0.046667 0.00084734 -0.00083293)
(0.045 0.00084734 -0.00083293)
(0.043333 0.00084734 -0.00083293)
(0.041667 0.00084734 -0.00083293)
(0.04 0.00084734 -0.00083293)
(0.038333 0.00084734 -0.00083293)
(0.036667 0.00084734 -0.00083293)
(0.035 0.00084734 -0.00083293)
(0.033333 0.00084734 -0.00083293)
(0.031667 0.00084734 -0.00083293)
(0.03 0.00084734 -0.00083293)
(0.028333 0.00084734 -0.00083293)
(0.026667 0.00084734 -0.00083293)
(0.025 0.00084734 -0.00083293)
(0.023333 0.00084734 -0.00083293)
(0.021667 0.00084734 -0.00083293)
(0.02 0.00084734 -0.00083293)
(0.018333 0.00084734 -0.00083293)
(0.016667 0.00084734 -0.00083293)
(0.015 0.00084734 -0.00083293)
(0.013333 0.00084734 -0.00083293)
(0.011667 0.00084734 -0.00083293)
(0.01 0.00084734 -0.00083293)
(0.0083333 0.00084734 -0.00083293)
(0.0066667 0.00084734 -0.00083293)
(0.005 0.00084734 -0.00083293)
(0.0033333 0.00084734 -0.00083293)
(0.0016667 0.00084734 -0.00083293)
(0.048333 0.0003983 -0.0011881)
(0.046667 0.0003983 -0.0011881)
(0.045 0.0003983 -0.0011881)
(0.043333 0.0003983 -0.0011881)
(0.041667 0.0003983 -0.0011881)
(0.04 0.0003983 -0.0011881)
(0.038333 0.0003983 -0.0011881)
(0.036667 0.0003983 -0.0011881)
(0.035 0.0003983 -0.0011881)
(0.033333 0.0003983 -0.0011881)
(0.031667 0.0003983 -0.0011881)
(0.03 0.0003983 -0.0011881)
(0.028333 0.0003983 -0.0011881)
(0.026667 0.0003983 -0.0011881)
(0.025 0.0003983 -0.0011881)
(0.023333 0.0003983 -0.0011881)
(0.021667 0.0003983 -0.0011881)
(0.02 0.0003983 -0.0011881)
(0.018333 0.0003983 -0.0011881)
(0.016667 0.0003983 -0.0011881)
(0.015 0.0003983 -0.0011881)
(0.013333 0.0003983 -0.0011881)
(0.011667 0.0003983 -0.0011881)
(0.01 0.0003983 -0.0011881)
(0.0083333 0.0003983 -0.0011881)
(0.0066667 0.0003983 -0.0011881)
(0.005 0.0003983 -0.0011881)
(0.0033333 0.0003983 -0.0011881)
(0.0016667 0.0003983 -0.0011881)
(0.048333 -0.00014221 -0.0012308)
(0.046667 -0.00014221 -0.0012308)
(0.045 -0.00014221 -0.0012308)
(0.043333 -0.00014221 -0.0012308)
(0.041667 -0.00014221 -0.0012308)
(0.04 -0.00014221 -0.0012308)
(0.038333 -0.00014221 -0.0012308)
(0.036667 -0.00014221 -0.0012308)
(0.035 -0.00014221 -0.0012308)
(0.033333 -0.00014221 -0.0012308)
(0.031667 -0.00014221 -0.0012308)
(0.03 -0.00014221 -0.0012308)
(0.028333 -0.00014221 -0.0012308)
(0.026667 -0.00014221 -0.0012308)
(0.025 -0.00014221 -0.0012308)
(0.023333 -0.00014221 -0.0012308)
(0.021667 -0.00014221 -0.0012308)
(0.02 -0.00014221 -0.0012308)
(0.018333 -0.00014221 -0.0012308)
(0.016667 -0.00014221 -0.0012308)
(0.015 -0.00014221 -0.0012308)
(0.013333 -0.00014221 -0.0012308)
(0.011667 -0.00014221 -0.0012308)
(0.01 -0.00014221 -0.0012308)
(0.0083333 -0.00014221 -0.0012308)
(0.0066667 -0.00014221 -0.0012308)
(0.005 -0.00014221 -0.0012308)
(0.0033333 -0.00014221 -0.0012308)
(0.0016667 -0.00014221 -0.0012308)
(0.048333 -0.00065833 -0.0010866)
(0.046667 -0.00065833 -0.0010866)
(0.045 -0.00065833 -0.0010866)
(0.043333 -0.00065833 -0.0010866)
(0.041667 -0.00065833 -0.0010866)
(0.04 -0.00065833 -0.0010866)
(0.038333 -0.00065833 -0.0010866)
(0.036667 -0.00065833 -0.0010866)
(0.035 -0.00065833 -0.0010866)
(0.033333 -0.00065833 -0.0010866)
(0.031667 -0.00065833 -0.0010866)
(0.03 -0.00065833 -0.0010866)
(0.028333 -0.00065833 -0.0010866)
(0.026667 -0.00065833 -0.0010866)
(0.025 -0.00065833 -0.0010866)
(0.023333 -0.00065833 -0.0010866)
(0.021667 -0.00065833 -0.0010866)
(0.02 -0.00065833 -0.0010866)
(0.018333 -0.00065833 -0.0010866)
(0.016667 -0.00065833 -0.0010866)
(0.015 -0.00065833 -0.0010866)
(0.013333 -0.00065833 -0.0010866)
(0.011667 -0.00065833 -0.0010866)
(0.01 -0.00065833 -0.0010866)
(0.0083333 -0.00065833 -0.0010866)
(0.0066667 -0.00065833 -0.0010866)
(0.005 -0.00065833 -0.0010866)
(0.0033333 -0.00065833 -0.0010866)
(0.0016667 -0.00065833 -0.0010866)
(0.048333 -0.00099093 -0.00065911)
(0.046667 -0.00099093 -0.00065911)
(0.045 -0.00099093 -0.00065911)
(0.043333 -0.00099093 -0.00065911)
(0.041667 -0.00099093 -0.00065911)
(0.04 -0.00099093 -0.00065911)
(0.038333 -0.00099093 -0.00065911)
(0.036667 -0.00099093 -0.00065911)
(0.035 -0.00099093 -0.00065911)
(0.033333 -0.00099093 -0.00065911)
(0.031667 -0.00099093 -0.00065911)
(0.03 -0.00099093 -0.00065911)
(0.028333 -0.00099093 -0.00065911)
(0.026667 -0.00099093 -0.00065911)
(0.025 -0.00099093 -0.00065911)
(0.023333 -0.00099093 -0.00065911)
(0.021667 -0.00099093 -0.00065911)
(0.02 -0.00099093 -0.00065911)
(0.018333 -0.00099093 -0.00065911)
(0.016667 -0.00099093 -0.00065911)
(0.015 -0.00099093 -0.00065911)
(0.013333 -0.00099093 -0.00065911)
(0.011667 -0.00099093 -0.00065911)
(0.01 -0.00099093 -0.00065911)
(0.0083333 -0.00099093 -0.00065911)
(0.0066667 -0.00099093 -0.00065911)
(0.005 -0.00099093 -0.00065911)
(0.0033333 -0.00099093 -0.00065911)
(0.0016667 -0.00099093 -0.00065911)
(0.048333 -0.0011984 -0.00039921)
(0.046667 -0.0011984 -0.00039921)
(0.045 -0.0011984 -0.00039921)
(0.043333 -0.0011984 -0.00039921)
(0.041667 -0.0011984 -0.00039921)
(0.04 -0.0011984 -0.00039921)
(0.038333 -0.0011984 -0.00039921)
(0.036667 -0.0011984 -0.00039921)
(0.035 -0.0011984 -0.00039921)
(0.033333 -0.0011984 -0.00039921)
(0.031667 -0.0011984 -0.00039921)
(0.03 -0.0011984 -0.00039921)
(0.028333 -0.0011984 -0.00039921)
(0.026667 -0.0011984 -0.00039921)
(0.025 -0.0011984 -0.00039921)
(0.023333 -0.0011984 -0.00039921)
(0.021667 -0.0011984 -0.00039921)
(0.02 -0.0011984 -0.00039921)
(0.018333 -0.0011984 -0.00039921)
(0.016667 -0.0011984 -0.00039921)
(0.015 -0.0011984 -0.00039921)
(0.013333 -0.0011984 -0.00039921)
(0.011667 -0.0011984 -0.00039921)
(0.01 -0.0011984 -0.00039921)
(0.0083333 -0.0011984 -0.00039921)
(0.0066667 -0.0011984 -0.00039921)
(0.005 -0.0011984 -0.00039921)
(0.0033333 -0.0011984 -0.00039921)
(0.0016667 -0.0011984 -0.00039921)
(0.048333 -0.0012468 -8.2005e-05)
(0.046667 -0.0012468 -8.2005e-05)
(0.045 -0.0012468 -8.2005e-05)
(0.043333 -0.0012468 -8.2005e-05)
(0.041667 -0.0012468 -8.2005e-05)
(0.04 -0.0012468 -8.2005e-05)
(0.038333 -0.0012468 -8.2005e-05)
(0.036667 -0.0012468 -8.2005e-05)
(0.035 -0.0012468 -8.2005e-05)
(0.033333 -0.0012468 -8.2005e-05)
(0.031667 -0.0012468 -8.2005e-05)
(0.03 -0.0012468 -8.2005e-05)
(0.028333 -0.0012468 -8.2005e-05)
(0.026667 -0.0012468 -8.2005e-05)
(0.025 -0.0012468 -8.2005e-05)
(0.023333 -0.0012468 -8.2005e-05)
(0.021667 -0.0012468 -8.2005e-05)
(0.02 -0.0012468 -8.2005e-05)
(0.018333 -0.0012468 -8.2005e-05)
(0.016667 -0.0012468 -8.2005e-05)
(0.015 -0.0012468 -8.2005e-05)
(0.013333 -0.0012468 -8.2005e-05)
(0.011667 -0.0012468 -8.2005e-05)
(0.01 -0.0012468 -8.2005e-05)
(0.0083333 -0.0012468 -8.2005e-05)
(0.0066667 -0.0012468 -8.2005e-05)
(0.005 -0.0012468 -8.2005e-05)
(0.0033333 -0.0012468 -8.2005e-05)
(0.0016667 -0.0012468 -8.2005e-05)
(0.048333 -0.0010146 0.00051084)
(0.046667 -0.0010146 0.00051084)
(0.045 -0.0010146 0.00051084)
(0.043333 -0.0010146 0.00051084)
(0.041667 -0.0010146 0.00051084)
(0.04 -0.0010146 0.00051084)
(0.038333 -0.0010146 0.00051084)
(0.036667 -0.0010146 0.00051084)
(0.035 -0.0010146 0.00051084)
(0.033333 -0.0010146 0.00051084)
(0.031667 -0.0010146 0.00051084)
(0.03 -0.0010146 0.00051084)
(0.028333 -0.0010146 0.00051084)
(0.026667 -0.0010146 0.00051084)
(0.025 -0.0010146 0.00051084)
(0.023333 -0.0010146 0.00051084)
(0.021667 -0.0010146 0.00051084)
(0.02 -0.0010146 0.00051084)
(0.018333 -0.0010146 0.00051084)
(0.016667 -0.0010146 0.00051084)
(0.015 -0.0010146 0.00051084)
(0.013333 -0.0010146 0.00051084)
(0.011667 -0.0010146 0.00051084)
(0.01 -0.0010146 0.00051084)
(0.0083333 -0.0010146 0.00051084)
(0.0066667 -0.0010146 0.00051084)
(0.005 -0.0010146 0.00051084)
(0.0033333 -0.0010146 0.00051084)
(0.0016667 -0.0010146 0.00051084)
(0.048333 -0.00089918 0.00084709)
(0.046667 -0.00089918 0.00084709)
(0.045 -0.00089918 0.00084709)
(0.043333 -0.00089918 0.00084709)
(0.041667 -0.00089918 0.00084709)
(0.04 -0.00089918 0.00084709)
(0.038333 -0.00089918 0.00084709)
(0.036667 -0.00089918 0.00084709)
(0.035 -0.00089918 0.00084709)
(0.033333 -0.00089918 0.00084709)
(0.031667 -0.00089918 0.00084709)
(0.03 -0.00089918 0.00084709)
(0.028333 -0.00089918 0.00084709)
(0.026667 -0.00089918 0.00084709)
(0.025 -0.00089918 0.00084709)
(0.023333 -0.00089918 0.00084709)
(0.021667 -0.00089918 0.00084709)
(0.02 -0.00089918 0.00084709)
(0.018333 -0.00089918 0.00084709)
(0.016667 -0.00089918 0.00084709)
(0.015 -0.00089918 0.00084709)
(0.013333 -0.00089918 0.00084709)
(0.011667 -0.00089918 0.00084709)
(0.01 -0.00089918 0.00084709)
(0.0083333 -0.00089918 0.00084709)
(0.0066667 -0.00089918 0.00084709)
(0.005 -0.00089918 0.00084709)
(0.0033333 -0.00089918 0.00084709)
(0.0016667 -0.00089918 0.00084709)
(0.048333 -0.00057217 0.0010151)
(0.046667 -0.00057217 0.0010151)
(0.045 -0.00057217 0.0010151)
(0.043333 -0.00057217 0.0010151)
(0.041667 -0.00057217 0.0010151)
(0.04 -0.00057217 0.0010151)
(0.038333 -0.00057217 0.0010151)
(0.036667 -0.00057217 0.0010151)
(0.035 -0.00057217 0.0010151)
(0.033333 -0.00057217 0.0010151)
(0.031667 -0.00057217 0.0010151)
(0.03 -0.00057217 0.0010151)
(0.028333 -0.00057217 0.0010151)
(0.026667 -0.00057217 0.0010151)
(0.025 -0.00057217 0.0010151)
(0.023333 -0.00057217 0.0010151)
(0.021667 -0.00057217 0.0010151)
(0.02 -0.00057217 0.0010151)
(0.018333 -0.00057217 0.0010151)
(0.016667 -0.00057217 0.0010151)
(0.015 -0.00057217 0.0010151)
(0.013333 -0.00057217 0.0010151)
(0.011667 -0.00057217 0.0010151)
(0.01 -0.00057217 0.0010151)
(0.0083333 -0.00057217 0.0010151)
(0.0066667 -0.00057217 0.0010151)
(0.005 -0.00057217 0.0010151)
(0.0033333 -0.00057217 0.0010151)
(0.0016667 -0.00057217 0.0010151)
(0.048333 -0.00027954 0.0011951)
(0.046667 -0.00027954 0.0011951)
(0.045 -0.00027954 0.0011951)
(0.043333 -0.00027954 0.0011951)
(0.041667 -0.00027954 0.0011951)
(0.04 -0.00027954 0.0011951)
(0.038333 -0.00027954 0.0011951)
(0.036667 -0.00027954 0.0011951)
(0.035 -0.00027954 0.0011951)
(0.033333 -0.00027954 0.0011951)
(0.031667 -0.00027954 0.0011951)
(0.03 -0.00027954 0.0011951)
(0.028333 -0.00027954 0.0011951)
(0.026667 -0.00027954 0.0011951)
(0.025 -0.00027954 0.0011951)
(0.023333 -0.00027954 0.0011951)
(0.021667 -0.00027954 0.0011951)
(0.02 -0.00027954 0.0011951)
(0.018333 -0.00027954 0.0011951)
(0.016667 -0.00027954 0.0011951)
(0.015 -0.00027954 0.0011951)
(0.013333 -0.00027954 0.0011951)
(0.011667 -0.00027954 0.0011951)
(0.01 -0.00027954 0.0011951)
(0.0083333 -0.00027954 0.0011951)
(0.0066667 -0.00027954 0.0011951)
(0.005 -0.00027954 0.0011951)
(0.0033333 -0.00027954 0.0011951)
(0.0016667 -0.00027954 0.0011951)
(0.048333 0.00037748 0.0011532)
(0.046667 0.00037748 0.0011532)
(0.045 0.00037748 0.0011532)
(0.043333 0.00037748 0.0011532)
(0.041667 0.00037748 0.0011532)
(0.04 0.00037748 0.0011532)
(0.038333 0.00037748 0.0011532)
(0.036667 0.00037748 0.0011532)
(0.035 0.00037748 0.0011532)
(0.033333 0.00037748 0.0011532)
(0.031667 0.00037748 0.0011532)
(0.03 0.00037748 0.0011532)
(0.028333 0.00037748 0.0011532)
(0.026667 0.00037748 0.0011532)
(0.025 0.00037748 0.0011532)
(0.023333 0.00037748 0.0011532)
(0.021667 0.00037748 0.0011532)
(0.02 0.00037748 0.0011532)
(0.018333 0.00037748 0.0011532)
(0.016667 0.00037748 0.0011532)
(0.015 0.00037748 0.0011532)
(0.013333 0.00037748 0.0011532)
(0.011667 0.00037748 0.0011532)
(0.01 0.00037748 0.0011532)
(0.0083333 0.00037748 0.0011532)
(0.0066667 0.00037748 0.0011532)
(0.005 0.00037748 0.0011532)
(0.0033333 0.00037748 0.0011532)
(0.0016667 0.00037748 0.0011532)
(0.048333 0.00083046 0.00092042)
(0.046667 0.00083046 0.00092042)
(0.045 0.00083046 0.00092042)
(0.043333 0.00083046 0.00092042)
(0.041667 0.00083046 0.00092042)
(0.04 0.00083046 0.00092042)
(0.038333 0.00083046 0.00092042)
(0.036667 0.00083046 0.00092042)
(0.035 0.00083046 0.00092042)
(0.033333 0.00083046 0.00092042)
(0.031667 0.00083046 0.00092042)
(0.03 0.00083046 0.00092042)
(0.028333 0.00083046 0.00092042)
(0.026667 0.00083046 0.00092042)
(0.025 0.00083046 0.00092042)
(0.023333 0.00083046 0.00092042)
(0.021667 0.00083046 0.00092042)
(0.02 0.00083046 0.00092042)
(0.018333 0.00083046 0.00092042)
(0.016667 0.00083046 0.00092042)
(0.015 0.00083046 0.00092042)
(0.013333 0.00083046 0.00092042)
(0.011667 0.00083046 0.00092042)
(0.01 0.00083046 0.00092042)
(0.0083333 0.00083046 0.00092042)
(0.0066667 0.00083046 0.00092042)
(0.005 0.00083046 0.00092042)
(0.0033333 0.00083046 0.00092042)
(0.0016667 0.00083046 0.00092042)
(0.048333 0.0011369 0.00049569)
(0.046667 0.0011369 0.00049569)
(0.045 0.0011369 0.00049569)
(0.043333 0.0011369 0.00049569)
(0.041667 0.0011369 0.00049569)
(0.04 0.0011369 0.00049569)
(0.038333 0.0011369 0.00049569)
(0.036667 0.0011369 0.00049569)
(0.035 0.0011369 0.00049569)
(0.033333 0.0011369 0.00049569)
(0.031667 0.0011369 0.00049569)
(0.03 0.0011369 0.00049569)
(0.028333 0.0011369 0.00049569)
(0.026667 0.0011369 0.00049569)
(0.025 0.0011369 0.00049569)
(0.023333 0.0011369 0.00049569)
(0.021667 0.0011369 0.00049569)
(0.02 0.0011369 0.00049569)
(0.018333 0.0011369 0.00049569)
(0.016667 0.0011369 0.00049569)
(0.015 0.0011369 0.00049569)
(0.013333 0.0011369 0.00049569)
(0.011667 0.0011369 0.00049569)
(0.01 0.0011369 0.00049569)
(0.0083333 0.0011369 0.00049569)
(0.0066667 0.0011369 0.00049569)
(0.005 0.0011369 0.00049569)
(0.0033333 0.0011369 0.00049569)
(0.0016667 0.0011369 0.00049569)
(0.048333 0.0012068 1.7214e-06)
(0.046667 0.0012068 1.7214e-06)
(0.045 0.0012068 1.7214e-06)
(0.043333 0.0012068 1.7214e-06)
(0.041667 0.0012068 1.7214e-06)
(0.04 0.0012068 1.7214e-06)
(0.038333 0.0012068 1.7214e-06)
(0.036667 0.0012068 1.7214e-06)
(0.035 0.0012068 1.7214e-06)
(0.033333 0.0012068 1.7214e-06)
(0.031667 0.0012068 1.7214e-06)
(0.03 0.0012068 1.7214e-06)
(0.028333 0.0012068 1.7214e-06)
(0.026667 0.0012068 1.7214e-06)
(0.025 0.0012068 1.7214e-06)
(0.023333 0.0012068 1.7214e-06)
(0.021667 0.0012068 1.7214e-06)
(0.02 0.0012068 1.7214e-06)
(0.018333 0.0012068 1.7214e-06)
(0.016667 0.0012068 1.7214e-06)
(0.015 0.0012068 1.7214e-06)
(0.013333 0.0012068 1.7214e-06)
(0.011667 0.0012068 1.7214e-06)
(0.01 0.0012068 1.7214e-06)
(0.0083333 0.0012068 1.7214e-06)
(0.0066667 0.0012068 1.7214e-06)
(0.005 0.0012068 1.7214e-06)
(0.0033333 0.0012068 1.7214e-06)
(0.0016667 0.0012068 1.7214e-06)
(0.048333 0.00060405 -0.0010209)
(0.046667 0.00060405 -0.0010209)
(0.045 0.00060405 -0.0010209)
(0.043333 0.00060405 -0.0010209)
(0.041667 0.00060405 -0.0010209)
(0.04 0.00060405 -0.0010209)
(0.038333 0.00060405 -0.0010209)
(0.036667 0.00060405 -0.0010209)
(0.035 0.00060405 -0.0010209)
(0.033333 0.00060405 -0.0010209)
(0.031667 0.00060405 -0.0010209)
(0.03 0.00060405 -0.0010209)
(0.028333 0.00060405 -0.0010209)
(0.026667 0.00060405 -0.0010209)
(0.025 0.00060405 -0.0010209)
(0.023333 0.00060405 -0.0010209)
(0.021667 0.00060405 -0.0010209)
(0.02 0.00060405 -0.0010209)
(0.018333 0.00060405 -0.0010209)
(0.016667 0.00060405 -0.0010209)
(0.015 0.00060405 -0.0010209)
(0.013333 0.00060405 -0.0010209)
(0.011667 0.00060405 -0.0010209)
(0.01 0.00060405 -0.0010209)
(0.0083333 0.00060405 -0.0010209)
(0.0066667 0.00060405 -0.0010209)
(0.005 0.00060405 -0.0010209)
(0.0033333 0.00060405 -0.0010209)
(0.0016667 0.00060405 -0.0010209)
(0.048333 0.00011373 -0.0011879)
(0.046667 0.00011373 -0.0011879)
(0.045 0.00011373 -0.0011879)
(0.043333 0.00011373 -0.0011879)
(0.041667 0.00011373 -0.0011879)
(0.04 0.00011373 -0.0011879)
(0.038333 0.00011373 -0.0011879)
(0.036667 0.00011373 -0.0011879)
(0.035 0.00011373 -0.0011879)
(0.033333 0.00011373 -0.0011879)
(0.031667 0.00011373 -0.0011879)
(0.03 0.00011373 -0.0011879)
(0.028333 0.00011373 -0.0011879)
(0.026667 0.00011373 -0.0011879)
(0.025 0.00011373 -0.0011879)
(0.023333 0.00011373 -0.0011879)
(0.021667 0.00011373 -0.0011879)
(0.02 0.00011373 -0.0011879)
(0.018333 0.00011373 -0.0011879)
(0.016667 0.00011373 -0.0011879)
(0.015 0.00011373 -0.0011879)
(0.013333 0.00011373 -0.0011879)
(0.011667 0.00011373 -0.0011879)
(0.01 0.00011373 -0.0011879)
(0.0083333 0.00011373 -0.0011879)
(0.0066667 0.00011373 -0.0011879)
(0.005 0.00011373 -0.0011879)
(0.0033333 0.00011373 -0.0011879)
(0.0016667 0.00011373 -0.0011879)
(0.048333 -0.00040779 -0.0011148)
(0.046667 -0.00040779 -0.0011148)
(0.045 -0.00040779 -0.0011148)
(0.043333 -0.00040779 -0.0011148)
(0.041667 -0.00040779 -0.0011148)
(0.04 -0.00040779 -0.0011148)
(0.038333 -0.00040779 -0.0011148)
(0.036667 -0.00040779 -0.0011148)
(0.035 -0.00040779 -0.0011148)
(0.033333 -0.00040779 -0.0011148)
(0.031667 -0.00040779 -0.0011148)
(0.03 -0.00040779 -0.0011148)
(0.028333 -0.00040779 -0.0011148)
(0.026667 -0.00040779 -0.0011148)
(0.025 -0.00040779 -0.0011148)
(0.023333 -0.00040779 -0.0011148)
(0.021667 -0.00040779 -0.0011148)
(0.02 -0.00040779 -0.0011148)
(0.018333 -0.00040779 -0.0011148)
(0.016667 -0.00040779 -0.0011148)
(0.015 -0.00040779 -0.0011148)
(0.013333 -0.00040779 -0.0011148)
(0.011667 -0.00040779 -0.0011148)
(0.01 -0.00040779 -0.0011148)
(0.0083333 -0.00040779 -0.0011148)
(0.0066667 -0.00040779 -0.0011148)
(0.005 -0.00040779 -0.0011148)
(0.0033333 -0.00040779 -0.0011148)
(0.0016667 -0.00040779 -0.0011148)
(0.048333 -0.00086103 -0.00093512)
(0.046667 -0.00086103 -0.00093512)
(0.045 -0.00086103 -0.00093512)
(0.043333 -0.00086103 -0.00093512)
(0.041667 -0.00086103 -0.00093512)
(0.04 -0.00086103 -0.00093512)
(0.038333 -0.00086103 -0.00093512)
(0.036667 -0.00086103 -0.00093512)
(0.035 -0.00086103 -0.00093512)
(0.033333 -0.00086103 -0.00093512)
(0.031667 -0.00086103 -0.00093512)
(0.03 -0.00086103 -0.00093512)
(0.028333 -0.00086103 -0.00093512)
(0.026667 -0.00086103 -0.00093512)
(0.025 -0.00086103 -0.00093512)
(0.023333 -0.00086103 -0.00093512)
(0.021667 -0.00086103 -0.00093512)
(0.02 -0.00086103 -0.00093512)
(0.018333 -0.00086103 -0.00093512)
(0.016667 -0.00086103 -0.00093512)
(0.015 -0.00086103 -0.00093512)
(0.013333 -0.00086103 -0.00093512)
(0.011667 -0.00086103 -0.00093512)
(0.01 -0.00086103 -0.00093512)
(0.0083333 -0.00086103 -0.00093512)
(0.0066667 -0.00086103 -0.00093512)
(0.005 -0.00086103 -0.00093512)
(0.0033333 -0.00086103 -0.00093512)
(0.0016667 -0.00086103 -0.00093512)
(0.048333 -0.0011361 0.00017725)
(0.046667 -0.0011361 0.00017725)
(0.045 -0.0011361 0.00017725)
(0.043333 -0.0011361 0.00017725)
(0.041667 -0.0011361 0.00017725)
(0.04 -0.0011361 0.00017725)
(0.038333 -0.0011361 0.00017725)
(0.036667 -0.0011361 0.00017725)
(0.035 -0.0011361 0.00017725)
(0.033333 -0.0011361 0.00017725)
(0.031667 -0.0011361 0.00017725)
(0.03 -0.0011361 0.00017725)
(0.028333 -0.0011361 0.00017725)
(0.026667 -0.0011361 0.00017725)
(0.025 -0.0011361 0.00017725)
(0.023333 -0.0011361 0.00017725)
(0.021667 -0.0011361 0.00017725)
(0.02 -0.0011361 0.00017725)
(0.018333 -0.0011361 0.00017725)
(0.016667 -0.0011361 0.00017725)
(0.015 -0.0011361 0.00017725)
(0.013333 -0.0011361 0.00017725)
(0.011667 -0.0011361 0.00017725)
(0.01 -0.0011361 0.00017725)
(0.0083333 -0.0011361 0.00017725)
(0.0066667 -0.0011361 0.00017725)
(0.005 -0.0011361 0.00017725)
(0.0033333 -0.0011361 0.00017725)
(0.0016667 -0.0011361 0.00017725)
(0.048333 0.0001984 0.00084044)
(0.046667 0.0001984 0.00084044)
(0.045 0.0001984 0.00084044)
(0.043333 0.0001984 0.00084044)
(0.041667 0.0001984 0.00084044)
(0.04 0.0001984 0.00084044)
(0.038333 0.0001984 0.00084044)
(0.036667 0.0001984 0.00084044)
(0.035 0.0001984 0.00084044)
(0.033333 0.0001984 0.00084044)
(0.031667 0.0001984 0.00084044)
(0.03 0.0001984 0.00084044)
(0.028333 0.0001984 0.00084044)
(0.026667 0.0001984 0.00084044)
(0.025 0.0001984 0.00084044)
(0.023333 0.0001984 0.00084044)
(0.021667 0.0001984 0.00084044)
(0.02 0.0001984 0.00084044)
(0.018333 0.0001984 0.00084044)
(0.016667 0.0001984 0.00084044)
(0.015 0.0001984 0.00084044)
(0.013333 0.0001984 0.00084044)
(0.011667 0.0001984 0.00084044)
(0.01 0.0001984 0.00084044)
(0.0083333 0.0001984 0.00084044)
(0.0066667 0.0001984 0.00084044)
(0.005 0.0001984 0.00084044)
(0.0033333 0.0001984 0.00084044)
(0.0016667 0.0001984 0.00084044)
(0.048333 0.00080407 0.0005595)
(0.046667 0.00080407 0.0005595)
(0.045 0.00080407 0.0005595)
(0.043333 0.00080407 0.0005595)
(0.041667 0.00080407 0.0005595)
(0.04 0.00080407 0.0005595)
(0.038333 0.00080407 0.0005595)
(0.036667 0.00080407 0.0005595)
(0.035 0.00080407 0.0005595)
(0.033333 0.00080407 0.0005595)
(0.031667 0.00080407 0.0005595)
(0.03 0.00080407 0.0005595)
(0.028333 0.00080407 0.0005595)
(0.026667 0.00080407 0.0005595)
(0.025 0.00080407 0.0005595)
(0.023333 0.00080407 0.0005595)
(0.021667 0.00080407 0.0005595)
(0.02 0.00080407 0.0005595)
(0.018333 0.00080407 0.0005595)
(0.016667 0.00080407 0.0005595)
(0.015 0.00080407 0.0005595)
(0.013333 0.00080407 0.0005595)
(0.011667 0.00080407 0.0005595)
(0.01 0.00080407 0.0005595)
(0.0083333 0.00080407 0.0005595)
(0.0066667 0.00080407 0.0005595)
(0.005 0.00080407 0.0005595)
(0.0033333 0.00080407 0.0005595)
(0.0016667 0.00080407 0.0005595)
(0.048333 0.00096891 0.00023031)
(0.046667 0.00096891 0.00023031)
(0.045 0.00096891 0.00023031)
(0.043333 0.00096891 0.00023031)
(0.041667 0.00096891 0.00023031)
(0.04 0.00096891 0.00023031)
(0.038333 0.00096891 0.00023031)
(0.036667 0.00096891 0.00023031)
(0.035 0.00096891 0.00023031)
(0.033333 0.00096891 0.00023031)
(0.031667 0.00096891 0.00023031)
(0.03 0.00096891 0.00023031)
(0.028333 0.00096891 0.00023031)
(0.026667 0.00096891 0.00023031)
(0.025 0.00096891 0.00023031)
(0.023333 0.00096891 0.00023031)
(0.021667 0.00096891 0.00023031)
(0.02 0.00096891 0.00023031)
(0.018333 0.00096891 0.00023031)
(0.016667 0.00096891 0.00023031)
(0.015 0.00096891 0.00023031)
(0.013333 0.00096891 0.00023031)
(0.011667 0.00096891 0.00023031)
(0.01 0.00096891 0.00023031)
(0.0083333 0.00096891 0.00023031)
(0.0066667 0.00096891 0.00023031)
(0.005 0.00096891 0.00023031)
(0.0033333 0.00096891 0.00023031)
(0.0016667 0.00096891 0.00023031)
(0.048333 0.00052031 -0.00062892)
(0.046667 0.00052031 -0.00062892)
(0.045 0.00052031 -0.00062892)
(0.043333 0.00052031 -0.00062892)
(0.041667 0.00052031 -0.00062892)
(0.04 0.00052031 -0.00062892)
(0.038333 0.00052031 -0.00062892)
(0.036667 0.00052031 -0.00062892)
(0.035 0.00052031 -0.00062892)
(0.033333 0.00052031 -0.00062892)
(0.031667 0.00052031 -0.00062892)
(0.03 0.00052031 -0.00062892)
(0.028333 0.00052031 -0.00062892)
(0.026667 0.00052031 -0.00062892)
(0.025 0.00052031 -0.00062892)
(0.023333 0.00052031 -0.00062892)
(0.021667 0.00052031 -0.00062892)
(0.02 0.00052031 -0.00062892)
(0.018333 0.00052031 -0.00062892)
(0.016667 0.00052031 -0.00062892)
(0.015 0.00052031 -0.00062892)
(0.013333 0.00052031 -0.00062892)
(0.011667 0.00052031 -0.00062892)
(0.01 0.00052031 -0.00062892)
(0.0083333 0.00052031 -0.00062892)
(0.0066667 0.00052031 -0.00062892)
(0.005 0.00052031 -0.00062892)
(0.0033333 0.00052031 -0.00062892)
(0.0016667 0.00052031 -0.00062892)
(0.048333 -0.00015297 -0.000846)
(0.046667 -0.00015297 -0.000846)
(0.045 -0.00015297 -0.000846)
(0.043333 -0.00015297 -0.000846)
(0.041667 -0.00015297 -0.000846)
(0.04 -0.00015297 -0.000846)
(0.038333 -0.00015297 -0.000846)
(0.036667 -0.00015297 -0.000846)
(0.035 -0.00015297 -0.000846)
(0.033333 -0.00015297 -0.000846)
(0.031667 -0.00015297 -0.000846)
(0.03 -0.00015297 -0.000846)
(0.028333 -0.00015297 -0.000846)
(0.026667 -0.00015297 -0.000846)
(0.025 -0.00015297 -0.000846)
(0.023333 -0.00015297 -0.000846)
(0.021667 -0.00015297 -0.000846)
(0.02 -0.00015297 -0.000846)
(0.018333 -0.00015297 -0.000846)
(0.016667 -0.00015297 -0.000846)
(0.015 -0.00015297 -0.000846)
(0.013333 -0.00015297 -0.000846)
(0.011667 -0.00015297 -0.000846)
(0.01 -0.00015297 -0.000846)
(0.0083333 -0.00015297 -0.000846)
(0.0066667 -0.00015297 -0.000846)
(0.005 -0.00015297 -0.000846)
(0.0033333 -0.00015297 -0.000846)
(0.0016667 -0.00015297 -0.000846)
(0.048333 0.00081668 -0.00043058)
(0.046667 0.00081668 -0.00043058)
(0.045 0.00081668 -0.00043058)
(0.043333 0.00081668 -0.00043058)
(0.041667 0.00081668 -0.00043058)
(0.04 0.00081668 -0.00043058)
(0.038333 0.00081668 -0.00043058)
(0.036667 0.00081668 -0.00043058)
(0.035 0.00081668 -0.00043058)
(0.033333 0.00081668 -0.00043058)
(0.031667 0.00081668 -0.00043058)
(0.03 0.00081668 -0.00043058)
(0.028333 0.00081668 -0.00043058)
(0.026667 0.00081668 -0.00043058)
(0.025 0.00081668 -0.00043058)
(0.023333 0.00081668 -0.00043058)
(0.021667 0.00081668 -0.00043058)
(0.02 0.00081668 -0.00043058)
(0.018333 0.00081668 -0.00043058)
(0.016667 0.00081668 -0.00043058)
(0.015 0.00081668 -0.00043058)
(0.013333 0.00081668 -0.00043058)
(0.011667 0.00081668 -0.00043058)
(0.01 0.00081668 -0.00043058)
(0.0083333 0.00081668 -0.00043058)
(0.0066667 0.00081668 -0.00043058)
(0.005 0.00081668 -0.00043058)
(0.0033333 0.00081668 -0.00043058)
(0.0016667 0.00081668 -0.00043058)
(0.048333 -0.00068292 0.0001313)
(0.046667 -0.00068292 0.0001313)
(0.045 -0.00068292 0.0001313)
(0.043333 -0.00068292 0.0001313)
(0.041667 -0.00068292 0.0001313)
(0.04 -0.00068292 0.0001313)
(0.038333 -0.00068292 0.0001313)
(0.036667 -0.00068292 0.0001313)
(0.035 -0.00068292 0.0001313)
(0.033333 -0.00068292 0.0001313)
(0.031667 -0.00068292 0.0001313)
(0.03 -0.00068292 0.0001313)
(0.028333 -0.00068292 0.0001313)
(0.026667 -0.00068292 0.0001313)
(0.025 -0.00068292 0.0001313)
(0.023333 -0.00068292 0.0001313)
(0.021667 -0.00068292 0.0001313)
(0.02 -0.00068292 0.0001313)
(0.018333 -0.00068292 0.0001313)
(0.016667 -0.00068292 0.0001313)
(0.015 -0.00068292 0.0001313)
(0.013333 -0.00068292 0.0001313)
(0.011667 -0.00068292 0.0001313)
(0.01 -0.00068292 0.0001313)
(0.0083333 -0.00068292 0.0001313)
(0.0066667 -0.00068292 0.0001313)
(0.005 -0.00068292 0.0001313)
(0.0033333 -0.00068292 0.0001313)
(0.0016667 -0.00068292 0.0001313)
(0.048333 0.00026438 -0.00088738)
(0.046667 0.00026438 -0.00088738)
(0.045 0.00026438 -0.00088738)
(0.043333 0.00026438 -0.00088738)
(0.041667 0.00026438 -0.00088738)
(0.04 0.00026438 -0.00088738)
(0.038333 0.00026438 -0.00088738)
(0.036667 0.00026438 -0.00088738)
(0.035 0.00026438 -0.00088738)
(0.033333 0.00026438 -0.00088738)
(0.031667 0.00026438 -0.00088738)
(0.03 0.00026438 -0.00088738)
(0.028333 0.00026438 -0.00088738)
(0.026667 0.00026438 -0.00088738)
(0.025 0.00026438 -0.00088738)
(0.023333 0.00026438 -0.00088738)
(0.021667 0.00026438 -0.00088738)
(0.02 0.00026438 -0.00088738)
(0.018333 0.00026438 -0.00088738)
(0.016667 0.00026438 -0.00088738)
(0.015 0.00026438 -0.00088738)
(0.013333 0.00026438 -0.00088738)
(0.011667 0.00026438 -0.00088738)
(0.01 0.00026438 -0.00088738)
(0.0083333 0.00026438 -0.00088738)
(0.0066667 0.00026438 -0.00088738)
(0.005 0.00026438 -0.00088738)
(0.0033333 0.00026438 -0.00088738)
(0.0016667 0.00026438 -0.00088738)
(0.048333 -0.00058292 -0.00074135)
(0.046667 -0.00058292 -0.00074135)
(0.045 -0.00058292 -0.00074135)
(0.043333 -0.00058292 -0.00074135)
(0.041667 -0.00058292 -0.00074135)
(0.04 -0.00058292 -0.00074135)
(0.038333 -0.00058292 -0.00074135)
(0.036667 -0.00058292 -0.00074135)
(0.035 -0.00058292 -0.00074135)
(0.033333 -0.00058292 -0.00074135)
(0.031667 -0.00058292 -0.00074135)
(0.03 -0.00058292 -0.00074135)
(0.028333 -0.00058292 -0.00074135)
(0.026667 -0.00058292 -0.00074135)
(0.025 -0.00058292 -0.00074135)
(0.023333 -0.00058292 -0.00074135)
(0.021667 -0.00058292 -0.00074135)
(0.02 -0.00058292 -0.00074135)
(0.018333 -0.00058292 -0.00074135)
(0.016667 -0.00058292 -0.00074135)
(0.015 -0.00058292 -0.00074135)
(0.013333 -0.00058292 -0.00074135)
(0.011667 -0.00058292 -0.00074135)
(0.01 -0.00058292 -0.00074135)
(0.0083333 -0.00058292 -0.00074135)
(0.0066667 -0.00058292 -0.00074135)
(0.005 -0.00058292 -0.00074135)
(0.0033333 -0.00058292 -0.00074135)
(0.0016667 -0.00058292 -0.00074135)
(0.048333 -0.0008781 -0.0002714)
(0.046667 -0.0008781 -0.0002714)
(0.045 -0.0008781 -0.0002714)
(0.043333 -0.0008781 -0.0002714)
(0.041667 -0.0008781 -0.0002714)
(0.04 -0.0008781 -0.0002714)
(0.038333 -0.0008781 -0.0002714)
(0.036667 -0.0008781 -0.0002714)
(0.035 -0.0008781 -0.0002714)
(0.033333 -0.0008781 -0.0002714)
(0.031667 -0.0008781 -0.0002714)
(0.03 -0.0008781 -0.0002714)
(0.028333 -0.0008781 -0.0002714)
(0.026667 -0.0008781 -0.0002714)
(0.025 -0.0008781 -0.0002714)
(0.023333 -0.0008781 -0.0002714)
(0.021667 -0.0008781 -0.0002714)
(0.02 -0.0008781 -0.0002714)
(0.018333 -0.0008781 -0.0002714)
(0.016667 -0.0008781 -0.0002714)
(0.015 -0.0008781 -0.0002714)
(0.013333 -0.0008781 -0.0002714)
(0.011667 -0.0008781 -0.0002714)
(0.01 -0.0008781 -0.0002714)
(0.0083333 -0.0008781 -0.0002714)
(0.0066667 -0.0008781 -0.0002714)
(0.005 -0.0008781 -0.0002714)
(0.0033333 -0.0008781 -0.0002714)
(0.0016667 -0.0008781 -0.0002714)
(0.048333 -0.00056256 0.00059533)
(0.046667 -0.00056256 0.00059533)
(0.045 -0.00056256 0.00059533)
(0.043333 -0.00056256 0.00059533)
(0.041667 -0.00056256 0.00059533)
(0.04 -0.00056256 0.00059533)
(0.038333 -0.00056256 0.00059533)
(0.036667 -0.00056256 0.00059533)
(0.035 -0.00056256 0.00059533)
(0.033333 -0.00056256 0.00059533)
(0.031667 -0.00056256 0.00059533)
(0.03 -0.00056256 0.00059533)
(0.028333 -0.00056256 0.00059533)
(0.026667 -0.00056256 0.00059533)
(0.025 -0.00056256 0.00059533)
(0.023333 -0.00056256 0.00059533)
(0.021667 -0.00056256 0.00059533)
(0.02 -0.00056256 0.00059533)
(0.018333 -0.00056256 0.00059533)
(0.016667 -0.00056256 0.00059533)
(0.015 -0.00056256 0.00059533)
(0.013333 -0.00056256 0.00059533)
(0.011667 -0.00056256 0.00059533)
(0.01 -0.00056256 0.00059533)
(0.0083333 -0.00056256 0.00059533)
(0.0066667 -0.00056256 0.00059533)
(0.005 -0.00056256 0.00059533)
(0.0033333 -0.00056256 0.00059533)
(0.0016667 -0.00056256 0.00059533)
(0.048333 -0.00019691 0.00079259)
(0.046667 -0.00019691 0.00079259)
(0.045 -0.00019691 0.00079259)
(0.043333 -0.00019691 0.00079259)
(0.041667 -0.00019691 0.00079259)
(0.04 -0.00019691 0.00079259)
(0.038333 -0.00019691 0.00079259)
(0.036667 -0.00019691 0.00079259)
(0.035 -0.00019691 0.00079259)
(0.033333 -0.00019691 0.00079259)
(0.031667 -0.00019691 0.00079259)
(0.03 -0.00019691 0.00079259)
(0.028333 -0.00019691 0.00079259)
(0.026667 -0.00019691 0.00079259)
(0.025 -0.00019691 0.00079259)
(0.023333 -0.00019691 0.00079259)
(0.021667 -0.00019691 0.00079259)
(0.02 -0.00019691 0.00079259)
(0.018333 -0.00019691 0.00079259)
(0.016667 -0.00019691 0.00079259)
(0.015 -0.00019691 0.00079259)
(0.013333 -0.00019691 0.00079259)
(0.011667 -0.00019691 0.00079259)
(0.01 -0.00019691 0.00079259)
(0.0083333 -0.00019691 0.00079259)
(0.0066667 -0.00019691 0.00079259)
(0.005 -0.00019691 0.00079259)
(0.0033333 -0.00019691 0.00079259)
(0.0016667 -0.00019691 0.00079259)
(0.048333 0.0005334 0.00086528)
(0.046667 0.0005334 0.00086528)
(0.045 0.0005334 0.00086528)
(0.043333 0.0005334 0.00086528)
(0.041667 0.0005334 0.00086528)
(0.04 0.0005334 0.00086528)
(0.038333 0.0005334 0.00086528)
(0.036667 0.0005334 0.00086528)
(0.035 0.0005334 0.00086528)
(0.033333 0.0005334 0.00086528)
(0.031667 0.0005334 0.00086528)
(0.03 0.0005334 0.00086528)
(0.028333 0.0005334 0.00086528)
(0.026667 0.0005334 0.00086528)
(0.025 0.0005334 0.00086528)
(0.023333 0.0005334 0.00086528)
(0.021667 0.0005334 0.00086528)
(0.02 0.0005334 0.00086528)
(0.018333 0.0005334 0.00086528)
(0.016667 0.0005334 0.00086528)
(0.015 0.0005334 0.00086528)
(0.013333 0.0005334 0.00086528)
(0.011667 0.0005334 0.00086528)
(0.01 0.0005334 0.00086528)
(0.0083333 0.0005334 0.00086528)
(0.0066667 0.0005334 0.00086528)
(0.005 0.0005334 0.00086528)
(0.0033333 0.0005334 0.00086528)
(0.0016667 0.0005334 0.00086528)
(0.048333 0.00087489 -8.4219e-05)
(0.046667 0.00087489 -8.4219e-05)
(0.045 0.00087489 -8.4219e-05)
(0.043333 0.00087489 -8.4219e-05)
(0.041667 0.00087489 -8.4219e-05)
(0.04 0.00087489 -8.4219e-05)
(0.038333 0.00087489 -8.4219e-05)
(0.036667 0.00087489 -8.4219e-05)
(0.035 0.00087489 -8.4219e-05)
(0.033333 0.00087489 -8.4219e-05)
(0.031667 0.00087489 -8.4219e-05)
(0.03 0.00087489 -8.4219e-05)
(0.028333 0.00087489 -8.4219e-05)
(0.026667 0.00087489 -8.4219e-05)
(0.025 0.00087489 -8.4219e-05)
(0.023333 0.00087489 -8.4219e-05)
(0.021667 0.00087489 -8.4219e-05)
(0.02 0.00087489 -8.4219e-05)
(0.018333 0.00087489 -8.4219e-05)
(0.016667 0.00087489 -8.4219e-05)
(0.015 0.00087489 -8.4219e-05)
(0.013333 0.00087489 -8.4219e-05)
(0.011667 0.00087489 -8.4219e-05)
(0.01 0.00087489 -8.4219e-05)
(0.0083333 0.00087489 -8.4219e-05)
(0.0066667 0.00087489 -8.4219e-05)
(0.005 0.00087489 -8.4219e-05)
(0.0033333 0.00087489 -8.4219e-05)
(0.0016667 0.00087489 -8.4219e-05)
(0.048333 -0.00016361 0.00012715)
(0.046667 -0.00016361 0.00012715)
(0.045 -0.00016361 0.00012715)
(0.043333 -0.00016361 0.00012715)
(0.041667 -0.00016361 0.00012715)
(0.04 -0.00016361 0.00012715)
(0.038333 -0.00016361 0.00012715)
(0.036667 -0.00016361 0.00012715)
(0.035 -0.00016361 0.00012715)
(0.033333 -0.00016361 0.00012715)
(0.031667 -0.00016361 0.00012715)
(0.03 -0.00016361 0.00012715)
(0.028333 -0.00016361 0.00012715)
(0.026667 -0.00016361 0.00012715)
(0.025 -0.00016361 0.00012715)
(0.023333 -0.00016361 0.00012715)
(0.021667 -0.00016361 0.00012715)
(0.02 -0.00016361 0.00012715)
(0.018333 -0.00016361 0.00012715)
(0.016667 -0.00016361 0.00012715)
(0.015 -0.00016361 0.00012715)
(0.013333 -0.00016361 0.00012715)
(0.011667 -0.00016361 0.00012715)
(0.01 -0.00016361 0.00012715)
(0.0083333 -0.00016361 0.00012715)
(0.0066667 -0.00016361 0.00012715)
(0.005 -0.00016361 0.00012715)
(0.0033333 -0.00016361 0.00012715)
(0.0016667 -0.00016361 0.00012715)
(0.048333 0.00060866 0.00021075)
(0.046667 0.00060866 0.00021075)
(0.045 0.00060866 0.00021075)
(0.043333 0.00060866 0.00021075)
(0.041667 0.00060866 0.00021075)
(0.04 0.00060866 0.00021075)
(0.038333 0.00060866 0.00021075)
(0.036667 0.00060866 0.00021075)
(0.035 0.00060866 0.00021075)
(0.033333 0.00060866 0.00021075)
(0.031667 0.00060866 0.00021075)
(0.03 0.00060866 0.00021075)
(0.028333 0.00060866 0.00021075)
(0.026667 0.00060866 0.00021075)
(0.025 0.00060866 0.00021075)
(0.023333 0.00060866 0.00021075)
(0.021667 0.00060866 0.00021075)
(0.02 0.00060866 0.00021075)
(0.018333 0.00060866 0.00021075)
(0.016667 0.00060866 0.00021075)
(0.015 0.00060866 0.00021075)
(0.013333 0.00060866 0.00021075)
(0.011667 0.00060866 0.00021075)
(0.01 0.00060866 0.00021075)
(0.0083333 0.00060866 0.00021075)
(0.0066667 0.00060866 0.00021075)
(0.005 0.00060866 0.00021075)
(0.0033333 0.00060866 0.00021075)
(0.0016667 0.00060866 0.00021075)
(0.048333 -0.00039365 -0.00036312)
(0.046667 -0.00039365 -0.00036312)
(0.045 -0.00039365 -0.00036312)
(0.043333 -0.00039365 -0.00036312)
(0.041667 -0.00039365 -0.00036312)
(0.04 -0.00039365 -0.00036312)
(0.038333 -0.00039365 -0.00036312)
(0.036667 -0.00039365 -0.00036312)
(0.035 -0.00039365 -0.00036312)
(0.033333 -0.00039365 -0.00036312)
(0.031667 -0.00039365 -0.00036312)
(0.03 -0.00039365 -0.00036312)
(0.028333 -0.00039365 -0.00036312)
(0.026667 -0.00039365 -0.00036312)
(0.025 -0.00039365 -0.00036312)
(0.023333 -0.00039365 -0.00036312)
(0.021667 -0.00039365 -0.00036312)
(0.02 -0.00039365 -0.00036312)
(0.018333 -0.00039365 -0.00036312)
(0.016667 -0.00039365 -0.00036312)
(0.015 -0.00039365 -0.00036312)
(0.013333 -0.00039365 -0.00036312)
(0.011667 -0.00039365 -0.00036312)
(0.01 -0.00039365 -0.00036312)
(0.0083333 -0.00039365 -0.00036312)
(0.0066667 -0.00039365 -0.00036312)
(0.005 -0.00039365 -0.00036312)
(0.0033333 -0.00039365 -0.00036312)
(0.0016667 -0.00039365 -0.00036312)
(0.048333 0.00041325 -0.00015064)
(0.046667 0.00041325 -0.00015064)
(0.045 0.00041325 -0.00015064)
(0.043333 0.00041325 -0.00015064)
(0.041667 0.00041325 -0.00015064)
(0.04 0.00041325 -0.00015064)
(0.038333 0.00041325 -0.00015064)
(0.036667 0.00041325 -0.00015064)
(0.035 0.00041325 -0.00015064)
(0.033333 0.00041325 -0.00015064)
(0.031667 0.00041325 -0.00015064)
(0.03 0.00041325 -0.00015064)
(0.028333 0.00041325 -0.00015064)
(0.026667 0.00041325 -0.00015064)
(0.025 0.00041325 -0.00015064)
(0.023333 0.00041325 -0.00015064)
(0.021667 0.00041325 -0.00015064)
(0.02 0.00041325 -0.00015064)
(0.018333 0.00041325 -0.00015064)
(0.016667 0.00041325 -0.00015064)
(0.015 0.00041325 -0.00015064)
(0.013333 0.00041325 -0.00015064)
(0.011667 0.00041325 -0.00015064)
(0.01 0.00041325 -0.00015064)
(0.0083333 0.00041325 -0.00015064)
(0.0066667 0.00041325 -0.00015064)
(0.005 0.00041325 -0.00015064)
(0.0033333 0.00041325 -0.00015064)
(0.0016667 0.00041325 -0.00015064)
(0.048333 0.00044433 0.00056008)
(0.046667 0.00044433 0.00056008)
(0.045 0.00044433 0.00056008)
(0.043333 0.00044433 0.00056008)
(0.041667 0.00044433 0.00056008)
(0.04 0.00044433 0.00056008)
(0.038333 0.00044433 0.00056008)
(0.036667 0.00044433 0.00056008)
(0.035 0.00044433 0.00056008)
(0.033333 0.00044433 0.00056008)
(0.031667 0.00044433 0.00056008)
(0.03 0.00044433 0.00056008)
(0.028333 0.00044433 0.00056008)
(0.026667 0.00044433 0.00056008)
(0.025 0.00044433 0.00056008)
(0.023333 0.00044433 0.00056008)
(0.021667 0.00044433 0.00056008)
(0.02 0.00044433 0.00056008)
(0.018333 0.00044433 0.00056008)
(0.016667 0.00044433 0.00056008)
(0.015 0.00044433 0.00056008)
(0.013333 0.00044433 0.00056008)
(0.011667 0.00044433 0.00056008)
(0.01 0.00044433 0.00056008)
(0.0083333 0.00044433 0.00056008)
(0.0066667 0.00044433 0.00056008)
(0.005 0.00044433 0.00056008)
(0.0033333 0.00044433 0.00056008)
(0.0016667 0.00044433 0.00056008)
(0.048333 8.3687e-05 -0.0004433)
(0.046667 8.3687e-05 -0.0004433)
(0.045 8.3687e-05 -0.0004433)
(0.043333 8.3687e-05 -0.0004433)
(0.041667 8.3687e-05 -0.0004433)
(0.04 8.3687e-05 -0.0004433)
(0.038333 8.3687e-05 -0.0004433)
(0.036667 8.3687e-05 -0.0004433)
(0.035 8.3687e-05 -0.0004433)
(0.033333 8.3687e-05 -0.0004433)
(0.031667 8.3687e-05 -0.0004433)
(0.03 8.3687e-05 -0.0004433)
(0.028333 8.3687e-05 -0.0004433)
(0.026667 8.3687e-05 -0.0004433)
(0.025 8.3687e-05 -0.0004433)
(0.023333 8.3687e-05 -0.0004433)
(0.021667 8.3687e-05 -0.0004433)
(0.02 8.3687e-05 -0.0004433)
(0.018333 8.3687e-05 -0.0004433)
(0.016667 8.3687e-05 -0.0004433)
(0.015 8.3687e-05 -0.0004433)
(0.013333 8.3687e-05 -0.0004433)
(0.011667 8.3687e-05 -0.0004433)
(0.01 8.3687e-05 -0.0004433)
(0.0083333 8.3687e-05 -0.0004433)
(0.0066667 8.3687e-05 -0.0004433)
(0.005 8.3687e-05 -0.0004433)
(0.0033333 8.3687e-05 -0.0004433)
(0.0016667 8.3687e-05 -0.0004433)
(0.048333 0.00016011 0.00035124)
(0.046667 0.00016011 0.00035124)
(0.045 0.00016011 0.00035124)
(0.043333 0.00016011 0.00035124)
(0.041667 0.00016011 0.00035124)
(0.04 0.00016011 0.00035124)
(0.038333 0.00016011 0.00035124)
(0.036667 0.00016011 0.00035124)
(0.035 0.00016011 0.00035124)
(0.033333 0.00016011 0.00035124)
(0.031667 0.00016011 0.00035124)
(0.03 0.00016011 0.00035124)
(0.028333 0.00016011 0.00035124)
(0.026667 0.00016011 0.00035124)
(0.025 0.00016011 0.00035124)
(0.023333 0.00016011 0.00035124)
(0.021667 0.00016011 0.00035124)
(0.02 0.00016011 0.00035124)
(0.018333 0.00016011 0.00035124)
(0.016667 0.00016011 0.00035124)
(0.015 0.00016011 0.00035124)
(0.013333 0.00016011 0.00035124)
(0.011667 0.00016011 0.00035124)
(0.01 0.00016011 0.00035124)
(0.0083333 0.00016011 0.00035124)
(0.0066667 0.00016011 0.00035124)
(0.005 0.00016011 0.00035124)
(0.0033333 0.00016011 0.00035124)
(0.0016667 0.00016011 0.00035124)
)


// ************************************************************************* //
